0.31877,-1.3077
1.409,1.4172
0.6715,-1.2075
0.71724,1.6302
0.48889,1.0347
0.72689,-0.30344
0.29387,-0.78728
0.8884,-1.1471
-1.0689,-0.8095
0.32519,-0.75493
1.3703,-1.7115
1.0933,1.1093
-1.2141,-1.1135
-0.76967,0.37138
-0.22558,1.1174
0.55253,1.1006
-1.4916,-0.7423
-0.6156,0.74808
-0.19242,0.88861
-0.76485,-1.4023
-1.4224,0.48819
1.4193,0.29158
0.19781,1.5877
-0.80447,0.69662
0.83509,-0.24372
0.21567,-1.1658
-0.66689,0.18733
0.84038,-0.88803
0.30352,-0.60033
0.48997,0.73936
1.7119,-0.19412
1.3546,-1.0722
-0.1977,-1.2078
1.379,-1.0582
1.0984,-0.27787
-0.35385,-0.82359
-1.5771,0.50797
-1.3337,1.1275
-0.83137,-0.97921
-1.1564,-0.53356
-0.71453,1.3514
-0.29375,-0.84793
-1.2571,-0.86547
-0.17653,0.79142
-1.4491,0.33351
0.39135,0.45168
-0.47615,0.86202
-1.3617,0.45503
-0.84871,-0.33489
0.55278,1.0391
-1.1176,1.2607
1.527,0.46691
0.94922,0.30706
0.26141,-0.94149
-0.53201,1.6821
-0.87573,-0.48382
-0.712,-1.1742
-1.0642,1.6035
1.2347,-0.22963
-1.5062,-0.44463
0.39189,-1.2507
-0.94796,-0.74111
-0.50782,-0.32058
-0.45701,1.2424
-1.0667,0.93373
0.23235,0.42639
1.0001,-1.6642
-0.59003,-0.27806
0.47163,-1.2128
0.32706,1.0826
1.0061,-0.65091
0.25706,-0.94438
-1.3218,0.92483
0.91113,0.59458
0.3502,1.2503
0.92979,0.23976
-0.69036,-0.65155
1.1921,-1.6118
1.0205,0.86172
0.41149,0.67698
0.85773,-0.69116
0.82607,0.53616
-0.1472,1.0078
-1.2706,-0.38258
0.64868,0.82573
-1.0149,-0.47107
0.30182,0.39993
-0.92996,-0.17683
-0.62909,-1.2038
0.88095,0.32321
-0.78415,-1.8054
1.479,-0.86082
0.78467,0.30862
-0.23386,-1.057
-0.82229,-0.094241
0.33621,-0.90465
0.9407,0.78735
-0.87587,0.31995
-0.55829,-0.31143
-0.57001,-1.0257
-0.90875,-0.2099
-1.6989,0.6076
0.26965,0.49429
-1.4831,-1.0203
1.1287,-0.28996
1.2616,0.47542
1.1741,0.12695
-0.65682,-1.4814
-0.30864,-1.0966
0.60014,0.59393
-1.441,0.40184
1.4702,-0.32681
0.81232,0.54554
-1.0516,0.39747
-0.75189,1.5163
-0.42506,0.58943
-0.98213,0.61251
-0.62638,0.24952
-0.99302,0.97495
-0.64071,1.8089
-1.0799,0.19919
-1.521,-0.72363
-0.59325,0.40134
0.94213,0.30049
-0.37307,0.81549
0.57125,0.4128
-0.98696,0.75957
-0.6572,-0.60392
1.0468,-0.19796
0.2296,0.44
-0.61687,0.27484
-0.73706,-1.7499
0.91048,0.86708
-0.079893,0.89848
-1.1407,-1.0933
0.38927,0.75123
1.7783,1.2231
2.2272,-0.069214
-0.60858,-1.2226
0.3165,-1.3429
-1.0322,1.3312
0.89982,-0.30011
1.0294,-0.34507
1.0128,0.62933
-0.21302,-0.8657
-1.0431,-0.27007
-0.43814,-0.40867
0.98355,-0.2977
1.1437,-0.53162
0.97257,-0.52225
-0.41397,-0.43827
-0.432,0.64894
-0.36008,0.70589
1.4158,-1.6045
1.0289,1.458
0.71354,0.31741
0.41361,-0.57709
-0.76009,-0.81879
-0.68981,-0.6667
0.39836,0.88397
0.68296,1.1706
0.47586,1.4122
1.0341,0.29157
-0.7777,0.5667
0.80844,0.21304
0.92393,0.26692
0.64166,0.42549
-1.3147,-0.41641
0.58242,-1.0065
-1.3615,0.34759
-0.18184,-0.93953
-0.99053,-1.173
0.96083,1.7382
-0.22695,-1.1489
-0.50997,-1.3216
-0.63613,0.31785
0.777,0.62239
0.64738,-0.42563
1.0486,0.66071
-1.2884,-0.37122
-0.75779,-0.56397
0.55514,-0.55678
-0.89511,-0.40933
-0.95264,0.31732
-1.1714,-1.3853
0.50374,-0.89266
1.9085,0.12223
1.047,-0.22692
0.55576,-1.1203
-1.5327,-1.0979
-1.361,0.77957
1.0212,-0.87398
0.4147,0.34844
0.34925,-0.72925
0.32684,-0.51488
-0.89645,-1.2033
1.0378,-0.84594
-0.17291,-1.2087
-1.087,-1.4264
-1.0145,-0.21327
-0.57177,-0.25003
-1.5693,-0.47738
0.85309,0.40425
-0.70062,-1.6305
1.1978,-0.59266
-0.46981,0.88638
0.42068,0.40074
1.0822,0.97045
-0.56857,0.80997
-1.1933,0.64697
-0.79295,-1.5505
1.199,0.8017
1.0533,-0.74888
-0.93633,-1.2691
0.72757,-0.77306
0.83663,-1.1283
-1.4245,0.71744
-0.77791,0.31599
1.4065,0.40112
0.92966,-1.6058
0.54114,-1.5409
0.38302,0.41204
0.40549,-0.36378
-0.59927,-0.58959
-0.65277,0.47723
-0.07132,-0.9383
-0.40987,-0.71132
-0.39833,-0.54355
-0.9119,0.6527
-0.73427,0.54063
0.2778,0.63952
-1.2626,1.1104
-0.98956,-1.8288
0.44892,-0.36326
0.62628,-0.28668
-1.4193,-0.72945
1.1473,0.59786
-0.57125,0.214
-1.1223,0.30616
-1.1723,-0.96097
-0.65374,-1.2294
-0.27097,-0.89995
-0.40979,-0.50354
1.2333,0.61031
0.25698,-0.97424
-1.1464,0.54764
-1.1424,-0.62486
-1.1687,0.39258
1.3018,-0.59364
0.43638,-0.50436
-0.8571,-0.16987
-0.19167,-0.86582
-1.3933,-0.38623
0.52559,1.5233
1.7985,-0.11688
-0.3202,0.81752
0.49016,0.76525
0.77828,-1.4803
-0.76025,-0.6936
1.2815,-0.80974
2.0108,0.025554
0.3083,-0.93825
1.6742,0.12499
0.5301,-0.95207
0.85404,0.38915
-1.0329,-0.32329
0.76653,1.7447
-0.30121,-0.69865
0.83277,-0.69461
-0.46188,0.88362
0.43594,0.89675
0.50473,-0.4009
-0.51385,0.79637
-0.67119,1.1867
0.7907,0.28772
0.60985,-0.64791
0.2942,-0.77784
-1.0649,-1.7684
-0.42292,-1.0531
0.64776,-0.31763
1.1522,-1.1465
0.6737,-0.66911
-0.40032,-0.6718
0.57563,-0.77809
-1.0636,0.55298
1.8536,1.0393
0.9109,-0.23973
-0.48065,0.83684
1.3025,1.4099
-1.0847,0.22682
1.0989,0.14719
-0.36499,-0.84811
-0.76475,-1.1277
-0.71585,-0.28052
1.1665,1.2128
0.48554,1.026
0.87073,-0.38176
-0.89987,0.63475
0.29173,0.98769
-0.77447,0.78678
1.4089,-0.5341
1.9278,-0.17625
-0.24375,-0.8976
-0.79234,-0.95297
0.35391,1.597
0.52747,0.8542
0.71725,-1.3049
-1.0059,0.79068
-0.96064,-1.6338
0.7612,1.1933
-1.3369,-1.4738
1.3142,-1.4551
1.1929,-0.80282
0.82839,0.21774
1.3094,-1.0447
-0.34827,1.4126
1.5024,0.73038
0.49075,-0.58613
0.7449,-0.82815
1.1393,-0.42587
0.63614,0.79318
-0.89838,0.15624
0.46079,1.3623
0.45187,1.6484
0.23599,-0.83517
-1.276,0.61704
0.6127,0.28938
0.39532,-0.87056
-0.68783,0.33188
0.64745,-1.0344
1.3396,-0.96914
0.20872,-0.61859
0.553,-1.0765
1.0306,0.32753
0.65212,-0.27886
0.24519,1.4725
0.41547,-0.65477
-0.90483,-0.40418
-0.7258,-0.86649
-0.42185,-0.94267
1.3419,-0.98843
-1.4517,-0.61868
0.9345,1.0559
0.63291,-1.459
-0.4491,0.94927
1.6894,1.2823
-0.58263,0.22261
0.77945,0.38471
-0.78966,1.423
-0.85493,-1.0752
1.1948,0.60606
0.54051,-1.4449
-0.96769,0.20205
-0.34788,1.2901
1.3412,-0.5808
0.87514,1.3954
0.32099,1.6234
1.0624,0.21411
0.8768,0.19441
1.771,0.22127
0.5643,1.5826
-0.79026,0.80338
-1.3199,-0.27385
0.27187,1.4896
0.92393,-0.32128
-0.50003,0.71647
-0.63271,1.612
0.71634,-1.0056
0.43399,0.52014
-1.0922,-0.22579
-0.40492,0.52786
-1.007,1.089
1.2033,0.52202
0.39705,-0.48281
1.6829,0.56839
-1.206,0.43306
-0.21919,-0.87977
-0.3208,-0.78442
0.45828,1.2816
0.62009,-0.28667
-0.61963,-0.72016
-0.63052,0.60963
-0.25736,0.74954
-0.57076,0.49423
0.99144,1.0771
-0.56438,0.90149
0.43692,1.1301
0.89675,0.41231
0.21671,-1.3981
0.56049,-0.42034
0.24112,0.75469
1.7553,0.93149
0.82526,-0.81481
-1.5144,1.0262
0.40432,-0.79385
-0.28383,1.1458
0.68775,-1.3934
1.4254,-0.89385
1.5239,0.54581
0.21916,1.0458
-0.95098,0.7948
0.77416,0.26565
-0.60352,-0.79702
-0.30682,-1.0127
-0.44377,-1.3225
-0.85952,-1.413
-0.51599,-1.0851
-0.70716,-0.30165
0.34037,-0.96323
1.1139,-1.5861
-0.39179,-1.4847
-0.34463,-1.3239
-0.57483,-0.74071
0.40388,1.1925
-1.6848,0.41315
0.72306,-0.84994
-0.79638,0.72534
-0.50508,0.40807
1.0724,0.96798
0.27015,-0.63441
1.3769,-1.4082
-0.49494,-0.62482
-0.93363,-0.27872
-0.60387,-0.36873
-0.83817,-0.28248
1.1469,0.78726
-1.2781,-0.58459
-0.61941,0.5353
-0.34028,-0.92585
0.65748,0.58425
-1.3286,-0.31989
0.82543,-0.22929
0.26225,-0.89798
-0.95118,1.1726
1.1929,0.95365
0.26112,0.52299
0.67679,0.6744
0.6784,-0.31258
-1.1684,1.202
-0.66074,0.32756
1.5081,-0.88891
-0.95928,-0.49272
-0.97781,-1.5729
-1.0954,0.54923
0.66903,-0.84883
0.41211,-0.93715
0.83516,1.0945
-1.1645,0.49484
-1.2158,1.5908
-1.1957,0.36533
0.30975,-0.54199
-1.2203,-0.37624
1.0437,0.80218
0.35345,-1.2568
-1.036,-0.42696
0.79726,-0.4425
-0.62909,1.5338
-0.47887,-1.4127
0.97499,0.28972
1.1654,-0.90871
0.24058,-0.65405
1.275,-0.55119
0.99396,0.42844
-1.0042,-0.63269
-1.0457,0.50571
-1.5438,-1.5518
-0.38624,1.3162
-0.79646,0.13544
0.41781,0.81988
-0.85435,0.35732
-0.82709,-0.83198
-0.79383,0.54096
1.1072,-0.18559
-1.1214,0.24645
1.561,-1.1966
-0.24235,1.0048
0.66352,-0.35023
1.6199,-0.050833
-0.8127,-0.43842
-0.68943,0.45081
-0.94179,-0.65286
0.28253,-1.1251
-0.98897,-1.5159
1.1627,-0.18194
-0.23395,-1.0467
1.294,0.36198
-0.26305,1.0821
1.296,1.7813
0.40464,0.35176
0.80751,-0.25559
0.71511,1.0486
-1.2543,-1.1728
-1.4614,-1.2443
-0.45989,1.091
-1.0016,-0.55566
-1.3516,0.36421
-0.45221,0.78337
1.2372,1.0772
0.95947,-0.34093
0.86392,-1.4169
-0.15113,0.89278
-0.36419,-0.82619
0.27601,0.4598
-0.21751,0.79612
-1.518,-1.0749
-0.99102,-0.25313
-0.44043,-0.84847
0.78239,-1.4207
0.66937,0.68324
-0.88214,-1.5045
0.43314,0.80826
0.57894,0.76285
-1.1821,0.58385
-0.58001,-0.56137
-1.5559,1.1002
1.511,-1.1372
0.91426,1.1077
0.82047,-0.81761
0.21183,0.61317
-0.52778,1.2416
0.87084,-1.5685
-0.95091,-0.91073
-1.1685,-1.2242
0.66428,-0.70226
0.50133,0.54031
0.99075,0.98938
-0.68884,-0.85684
1.4527,1.3798
0.51081,-0.65627
0.74248,1.1436
-0.91471,0.1798
-0.98335,0.38483
0.3257,1.2963
1.0992,0.65322
-0.50507,-0.47599
-1.5512,0.92983
1.605,1.3491
-1.1205,0.40073
0.73906,0.90004
-1.5312,0.50462
-0.86421,-0.37655
0.78801,0.29821
1.6345,-0.62349
-1.3501,-1.1622
-0.94428,-0.67121
0.23596,-0.77842
1.0996,-0.85556
-0.68156,-0.26014
1.1283,0.55014
0.63848,0.37147
-0.37418,0.69535
0.87763,1.0336
0.41979,0.60107
-0.67402,-1.0952
0.95094,-0.79052
0.96115,-0.5578
0.47349,1.3656
0.77779,-0.5489
0.29617,1.2008
1.0902,-0.3587
-0.68677,0.47168
0.28834,1.3919
-0.4646,0.38432
1.6182,-0.84723
-0.64102,0.52048
1.6359,0.55902
0.56364,-0.3384
0.76365,1.1274
0.37096,1.0966
0.94634,0.81816
1.589,0.52601
-0.57035,0.49306
-0.70751,-1.348
-0.62709,0.44015
0.49494,0.90859
-1.1542,1.2576
0.27905,0.59709
-0.52093,-1.279
0.1921,0.99233
0.57624,1.3058
-0.72931,-0.86457
1.3037,-0.12581
-0.59687,-1.5206
-1.1778,-0.33458
-1.3594,0.97051
0.71666,1.1935
-1.0711,1.3189
-1.21,-1.0741
-0.67256,0.73646
-1.07,0.33472
0.55457,-1.1728
0.73005,-0.98351
0.21863,0.79425
0.46312,-0.61263
2.2444,0.072348
0.86551,-0.4157
-1.1149,0.68525
1.0377,1.8222
-0.52899,-1.628
-1.1271,-0.55918
-0.80885,1.161
0.24048,-0.8215
0.99311,0.34639
-0.10173,-0.88704
0.74138,1.3922
-0.82248,0.20098
-1.0071,-0.61317
-0.65896,-0.83323
0.37818,-1.1153
0.66724,0.79533
-0.47145,-0.56033
-1.2265,0.79295
0.68087,-1.2874
0.21808,-1.5666
0.78328,-0.31057
0.65532,-0.53747
0.32864,1.0541
0.40519,-0.70246
-1.5868,-1.0191
-1.3852,0.95489
-0.60112,-1.1719
-0.57711,-0.83643
0.85297,0.47733
0.30232,0.41578
0.54161,-0.82113
-1.0719,-1.0741
0.86955,0.98105
0.25194,-0.61038
0.76098,0.25443
0.67702,0.8493
0.92099,-0.90688
-0.1897,-0.84384
1.9434,-0.24692
0.44162,-0.80361
0.28761,0.46702
1.2046,-1.4041
1.6148,-0.81585
-0.84737,1.3372
-1.6163,-0.49182
-0.9693,-0.47411
-0.66616,0.47837
-1.0411,-0.82066
-0.87837,0.64773
1.0496,1.3231
0.7103,-0.46254
-0.52788,-0.34579
0.56456,-0.80154
0.90075,-1.3256
-1.5246,0.50243
0.30639,-0.93916
0.75417,1.5245
1.0135,-0.92774
1.2437,-0.58949
1.4915,-0.80598
-1.1126,0.95694
-1.3631,0.68058
-0.93873,-0.81346
-0.58362,1.7095
-0.39042,-0.69007
-0.44822,0.71438
-1.3157,0.62712
0.69286,-0.68755
1.1591,0.12839
-0.19932,0.88167
-0.15484,1.1886
-0.41491,-0.65862
-0.36271,-0.73883
-1.4565,1.3218
0.4872,-1.5666
1.0571,-0.58758
0.53556,-0.34204
-0.59786,0.41891
-0.68968,0.67119
0.83683,0.47451
1.2522,-0.89262
-0.89527,0.31333
0.66703,0.82812
-0.57451,0.49975
0.77825,0.92427
0.58814,1.3779
-1.7787,-0.92264
0.28616,-0.68617
-0.81331,0.7934
-0.38195,-1.3712
-0.41103,0.66356
-0.44142,-1.0549
-0.45736,0.59634
-0.091861,-0.92124
-0.92695,-0.96122
1.7848,-0.20019
0.94041,0.34916
1.8593,0.92707
-1.227,-0.32724
0.89165,0.28819
2.2652,-0.04789
-1.5519,0.44408
1.078,0.30818
0.99025,-1.2976
-1.522,0.62101
-1.5075,-1.6794
0.78898,-0.65428
1.2449,-1.2923
-0.61435,0.2417
0.54935,0.46763
-0.57922,0.48048
1.3165,1.5516
0.48628,0.33089
1.2679,1.0905
-0.94645,-0.4385
0.43752,-0.83768
-1.3075,0.79414
-0.83147,0.89595
-1.1611,-0.39754
0.25429,1.2078
-1.0335,1.2951
0.46877,-0.6573
-1.717,1.4705
0.69414,-0.5107
-0.57665,-0.84597
-0.76441,0.41014
-0.78993,0.16164
1.1754,0.39774
-0.55399,-0.94373
1.4419,0.23553
1.5357,0.90726
0.40226,-0.53838
-1.7839,0.52907
0.72973,-0.94013
-0.25929,-1.2135
-0.25089,-0.92546
0.77616,-1.3814
-1.6439,1.5815
0.29261,-1.1876
1.0759,-1.2974
-0.84072,-0.34947
0.45902,-0.39931
1.3067,-0.28438
-0.79171,0.24062
0.95944,1.0871
0.64717,0.63255
-1.3548,-1.1574
-0.76199,-0.2503
0.61569,-0.37667
-0.69804,0.30412
1.1011,-0.44661
-0.46671,-1.4358
-0.97772,0.60589
0.6699,0.37578
0.76665,1.5235
0.57682,0.42597
-0.50495,0.32585
-1.1114,0.46818
0.19597,0.95972
1.3803,-0.94146
0.76087,0.23792
0.23759,-0.67155
-1.045,0.96577
-0.92419,-0.59414
1.4213,1.4076
-1.029,0.20651
1.3411,1.3327
-1.2849,1.6184
-0.22558,-0.96599
2.3101,0.19006
-0.6155,1.6046
1.7044,0.023634
0.29004,-1.4199
0.47527,-1.4473
-0.98828,0.94938
0.35122,-0.87228
-1.2058,-1.7729
0.70188,-1.0055
-1.1064,1.7906
-0.54027,1.7175
0.71105,-0.63276
0.39273,-0.87796
0.53185,-0.75967
0.34798,-0.6978
-0.65951,0.77145
0.65454,1.2577
-0.92708,-0.16988
0.36949,-0.61862
0.80012,0.4267
0.98423,0.99311
-0.6201,0.2241
0.92481,1.447
0.50127,-0.32384
0.55422,0.64244
-0.35511,1.3986
0.77841,-0.24646
-0.90353,-0.4959
0.61506,0.27946
-0.32374,-0.98054
1.1796,0.89458
0.24892,-1.1298
-0.81931,0.96795
-1.0864,0.24027
-1.0462,0.61872
1.305,1.0235
-0.54741,-1.651
0.89279,-0.50706
-1.3187,-0.47413
1.244,-0.31524
1.3993,-0.87988
0.58801,-0.30977
-1.033,1.1034
-0.88802,-0.4199
-0.96033,1.1728
-0.65509,-0.86953
1.8258,0.20427
-1.4435,0.58235
0.36184,0.85371
-0.80977,-1.4671
0.85858,0.30639
-1.1116,-0.31724
-0.35109,1.382
-0.86066,0.20689
-0.49811,-1.4214
0.402,0.53923
-0.73359,-0.26837
0.8706,0.33076
-1.3479,1.5479
-0.61664,-0.69857
-0.83959,-1.6606
-0.57036,0.93403
-1.5031,0.92184
0.40371,0.75616
2.1844,-0.093783
-0.27503,0.84514
-0.51925,-1.293
-0.4242,-1.4694
1.2064,0.19734
-0.70688,1.2164
0.36717,-1.2675
1.2618,1.1673
-0.57033,-0.3939
-1.0174,0.25021
0.25212,-0.77148
0.91955,0.85216
0.65713,-0.75346
-1.3385,0.65223
1.4472,-1.2901
0.98551,-1.2186
-0.43188,-0.83494
0.33858,-1.0781
-0.73016,-0.91633
1.7876,-0.8204
-0.19671,-0.89014
0.67524,0.78597
0.96629,0.34999
1.2486,-1.1232
-0.83009,-0.12178
1.2281,-0.53137
0.67452,1.0368
0.93359,0.72328
-0.525,1.0077
1.8291,0.085288
1.2559,0.15584
-1.0579,-0.64337
0.25844,0.89169
-0.83662,0.55315
1.4584,-0.85508
-0.81633,0.11515
0.20707,-0.44456
-1.1205,0.43536
-0.63124,-0.50032
-0.86719,-1.0401
1.2654,-0.24146
-1.729,-0.48824
1.0604,-0.53815
1.7773,-0.77952
-0.75297,-1.0331
1.1638,-0.58011
0.4173,-1.6481
-0.57268,0.65923
0.64109,0.9467
-0.35425,-0.57882
1.1221,0.77583
0.9625,1.2608
0.52563,1.152
0.85838,0.94558
0.7895,-1.4036
-1.159,0.33583
0.33224,1.4112
0.24309,1.4677
-0.23947,0.85799
-0.87835,-0.76195
0.86278,0.64831
1.0581,-0.63319
1.018,0.17193
0.35649,-0.85024
-0.29955,-0.63425
1.6245,1.2411
0.55528,0.70342
0.45816,0.68398
0.50773,-0.3099
-1.0718,0.24606
0.32699,0.75299
-1.1537,-0.40787
-1.0864,0.29749
0.30675,-0.53718
1.439,-0.5111
1.1435,0.66329
-0.58771,0.25904
-0.87183,-0.78792
-0.34434,0.64762
-1.0711,-0.20516
-0.55444,-0.29294
1.1802,0.3774
0.99157,0.60345
-0.79289,0.93082
-1.3504,0.79979
0.59964,1.1004
0.87636,0.70069
-0.73482,0.78838
1.6243,-0.14942
0.33755,1.067
1.0385,-0.50723
-1.1181,-0.59694
-0.67949,0.95505
0.70395,-0.7526
1.7013,-0.030569
0.20392,-1.0478
-0.73537,-1.3566
0.72859,0.60719
0.91914,0.40579
0.19994,-1.0383
-0.7637,0.54952
-0.31023,-0.61994
-1.0246,0.505
-0.54774,1.6766
1.173,-0.18906
1.7933,1.1026
-0.32585,-0.58281
0.75159,-0.86373
-1.0709,-0.35524
0.24494,1.1247
0.23463,-1.1386
0.84209,0.47634
-0.80051,-0.51219
-1.4867,-0.51864
-0.69323,0.57765
1.455,1.0355
1.0468,0.67621
0.54659,0.74999
-0.72984,0.8332
-1.1986,0.61877
-0.83241,-0.97049
-0.45351,-1.3027
-0.93384,1.1198
0.28937,0.87
-0.39726,0.53786
-1.0767,1.1949
-1.3019,-0.90899
1.2196,-0.90956
0.20398,0.98975
0.3752,-0.62213
-0.59968,1.3532
-0.75597,0.1212
-1.4958,-1.6462
0.1929,-1.2898
-0.39985,0.7754
0.92215,1.5445
-1.0096,0.85671
0.32529,1.2524
0.22016,0.8152
1.1394,-0.41171
-0.46107,-1.329
-0.74314,0.072031
0.77933,0.81632
1.1483,-1.085
0.23325,-0.54502
1.0328,0.37714
-1.7654,-0.96357
-0.64563,0.45253
0.6145,-0.7853
0.82818,0.66742
-0.1255,-0.95123
-1.0135,0.25229
0.52359,-1.4616
-1.6352,1.224
0.32517,-0.42891
-0.86802,0.92816
0.19121,-0.62876
-0.85661,-0.38871
1.0285,-0.23972
-0.45162,-0.97927
1.0402,1.2315
0.56018,-0.30904
0.93744,0.97424
-0.96678,-0.47125
1.7352,-0.77753
0.87946,0.56613
0.33966,-0.67283
-0.53701,-1.0402
-0.657,0.67775
-0.51083,0.446
1.5166,0.93776
1.9371,-0.1708
0.92484,0.21529
-0.87649,-1.2174
-0.81893,0.99214
0.53382,-1.5267
0.4106,-1.2126
-0.6051,0.42179
-0.36281,-0.87412
0.93159,0.60004
0.57136,0.68511
1.0094,0.99087
-1.1979,-0.56439
1.0433,0.846
-1.4626,-0.63554
-0.38547,-0.94228
-0.67377,-1.9242
1.0658,1.6207
0.24413,1.3983
-0.96631,1.5092
0.40383,-0.42214
-1.674,-0.68763
-1.0272,-0.49256
0.34681,0.82935
-0.67298,0.93189
0.87625,0.80795
-0.7017,1.6519
-0.15589,1.0382
0.33048,0.47581
0.8699,-0.57081
-1.0725,1.8233
-0.32684,-1.1492
-1.308,0.64638
-1.3892,-1.3407
0.37968,-0.90133
-0.62408,-0.14996
0.83222,0.94809
0.51517,0.44483
1.1409,0.44768
0.31544,0.94559
0.42866,-1.3246
0.58702,-1.2067
-0.39275,-0.62204
-0.42401,0.77724
-0.71393,1.5846
-0.69218,0.099297
1.435,1.2334
-0.75764,0.73858
-1.1144,-1.7059
0.66116,-1.7296
1.3857,1.2178
0.80287,0.97385
1.5607,1.5862
0.8563,-1.4245
1.2331,1.7421
-0.8891,1.2634
0.41725,1.0132
-0.86952,-0.79468
0.6885,1.5857
1.2502,-0.1156
-0.92656,1.1296
-0.54913,0.28373
-0.038897,0.99858
-0.75733,0.59615
-0.69994,-1.0196
0.7932,0.42627
-1.1164,0.61686
0.54346,-1.4679
-1.1752,-0.99822
1.194,-1.7537
0.44653,0.97806
0.61797,0.59616
-0.61844,0.52788
-1.3443,-1.2348
0.57407,0.37173
0.19169,1.2441
-1.1642,1.6353
0.68633,-1.1495
1.1102,1.1826
-1.4635,-0.77617
0.92949,1.793
-0.65677,1.8797
-0.89608,1.3315
-0.62457,0.77668
-1.3243,1.5003
0.421,-0.8207
-0.96646,0.60935
-1.6495,0.67867
0.49432,-0.58847
-1.4006,0.4801
-0.58402,0.23444
0.25879,0.60366
0.42621,-1.6057
0.90621,0.24951
1.8942,-1.1124
-0.72204,-1.7522
-0.47897,-0.5191
-0.48266,0.63467
-1.3644,0.59862
-0.64881,0.42359
1.3056,0.98397
-0.74341,0.23324
-0.65192,0.60963
0.70912,0.2798
-1.4675,-0.69132
-0.86799,-0.51251
-0.78209,0.42579
1.0115,-0.25067
0.55424,0.75888
-0.54263,-1.1631
0.45858,0.46182
1.0957,0.63577
-1.0872,-1.4773
-0.38525,0.68084
0.83265,0.5346
0.76802,1.7549
-1.7043,0.46951
1.2001,-1.034
-0.84757,0.43342
-0.88752,0.12123
-0.4019,1.0967
0.43667,-0.407
-0.63869,-0.40488
1.1125,-0.71928
-0.27337,0.6774
-0.93645,0.42572
0.19231,0.58039
0.63786,-0.56598
0.53344,-0.38934
-1.2717,0.2726
0.31747,1.4984
-1.5538,-0.35429
-1.399,1.3149
0.40383,-0.34417
0.30954,-0.4891
-0.69488,-0.18039
1.2563,1.9107
-0.51591,-0.34086
-1.08,-0.69739
0.97862,0.23548
0.80771,1.5125
-0.43163,0.54256
1.9119,-0.97862
-0.47971,0.82459
1.7128,0.91216
1.9158,0.91968
-1.8081,-1.2653
-0.14381,1.0748
-0.59505,-0.73567
0.4362,1.0913
-1.084,1.3645
-0.42638,0.88962
1.0247,0.82523
-0.23633,-0.98127
-0.76959,-1.2361
-0.59871,-0.52335
-1.7158,0.88568
0.64766,-0.30353
-0.22684,-0.87158
1.1258,0.99162
0.68644,0.53125
0.72644,0.69425
0.3941,0.63162
0.55038,-0.72548
1.2414,0.47249
1.0945,0.62267
0.85826,-1.5636
1.1282,-0.84757
0.41731,1.1246
0.68264,1.3961
0.54163,-0.76767
1.2828,-0.47486
0.62343,-0.3477
-0.75832,-0.73717
-1.451,1.5208
-1.301,-1.318
-0.34226,0.65223
-0.62604,1.1114
-1.0267,-1.173
-0.81319,0.13202
-1.1847,0.34042
-0.20812,-0.98193
1.5311,1.3727
-0.61212,-0.96674
1.3853,-0.3483
1.2055,1.2372
-0.73837,-1.8155
-1.3629,1.7228
0.20137,-0.54769
0.40181,0.8344
-1.0483,0.22526
-0.48237,1.6507
2.1006,0.039567
0.57157,1.2007
0.50877,-0.86976
0.70675,1.5403
-0.69676,0.1593
0.29396,0.76771
-0.34119,-0.6334
0.3947,-0.81844
-1.3617,-0.30212
0.22083,-0.59372
-1.1501,-0.99067
0.36419,-0.42033
0.98362,-0.27577
0.71192,1.0265
1.2849,1.0007
0.70263,1.2082
-0.72495,-0.46533
-0.38695,-0.66195
1.8515,-0.0061285
1.9352,0.26172
-0.62032,-1.1907
0.85819,-0.81508
-0.94691,-0.84693
-1.1744,-1.5658
2.3648,-0.004127
-1.0676,-0.45355
0.45822,1.0218
1.1859,0.22374
-0.38463,1.058
-1.0338,0.60375
0.24918,0.44154
1.6723,0.86778
0.43806,0.82656
0.3895,0.93175
1.2058,-1.0213
-0.55512,-0.99418
1.2721,0.66781
-0.91078,-1.0527
0.4272,-0.68884
-1.1983,-0.24746
-0.84473,0.84962
0.8375,0.42243
-0.84256,0.96166
-0.88837,-1.8822
-1.1233,0.57816
0.41031,1.0027
0.49077,1.2604
1.0672,-0.67642
-0.91536,0.94014
-1.7435,1.4148
-0.4841,0.52777
-1.1763,0.75481
-0.54674,-0.73536
-0.35587,0.51682
0.88748,-0.63718
-0.5781,0.47552
0.72137,-1.3701
1.1101,0.14884
0.92609,1.568
1.2436,-0.23055
0.3356,0.40672
-0.73076,1.3774
0.87307,-0.5254
-0.737,1.4109
0.34928,-0.62906
0.94536,-0.79584
-0.59975,0.70657
1.2149,0.22323
0.36966,-0.5465
0.44066,1.1748
-1.2689,0.4824
-1.4415,-0.30445
-1.4084,1.3014
-0.40398,1.1517
1.1531,-0.5256
-0.96961,-0.58915
0.33143,-1.2981
1.0717,0.42141
1.4224,-0.31185
0.91303,-1.1189
0.24083,1.1234
1.6347,-0.78451
-1.1104,0.93361
-0.89371,0.34627
0.22906,0.56443
-0.73097,-0.31976
-0.72566,1.3399
-1.2787,1.6141
0.95754,0.73778
-0.34139,0.88858
-1.1797,1.3815
0.40389,0.97951
0.6872,0.37195
-1.4205,-0.33567
-0.78986,-0.09604
0.37741,0.83001
1.0133,1.2967
0.21759,0.86126
-0.7299,1.5856
-0.66277,-0.76753
-1.5865,1.0775
0.69521,1.6476
0.29484,0.70498
-0.69478,1.0001
-0.13482,0.82663
-1.2758,-0.30004
0.19685,-0.52258
1.5732,0.76944
-0.57876,0.33162
1.1288,0.24822
0.55692,0.64314
0.73915,-1.3227
-0.67679,-0.35289
-1.5974,-1.4019
0.35765,0.35891
0.9246,0.3656
-0.71651,0.86716
-1.511,0.85945
0.4981,0.77309
0.48478,0.4426
-0.74311,1.24
-1.7651,-0.41099
-0.39083,-0.71372
-0.66394,0.48305
1.0208,0.15452
-1.1068,-0.56153
0.25734,1.1111
0.75262,0.71895
-0.21687,1.2362
-0.66135,-0.55724
0.38861,1.6352
1.3566,-1.1972
1.7566,-0.9855
-0.39798,1.5421
-0.41266,-0.45082
-1.313,-1.1739
-0.57869,0.36003
-0.48111,0.80433
0.50276,0.50515
-0.70203,-1.2234
-0.57012,-0.50539
-0.44143,-0.46893
0.42824,1.1137
0.87276,1.2197
-0.9802,-1.8282
-1.7003,-1.4859
0.35206,1.0365
1.3563,-0.91826
0.60462,0.61424
-1.1045,0.74052
-0.35915,-1.3925
0.34804,-0.71966
1.7775,-0.86794
1.4006,-1.3284
-0.80508,-1.827
-0.12973,-0.95153
1.4679,0.91899
-0.86259,1.075
1.1104,-0.77376
0.53989,-0.37074
1.2508,-1.2621
-0.40853,0.82079
-1.0958,1.5623
-0.58196,-1.5688
-0.94734,1.3122
0.30004,1.1768
-0.85247,0.58282
0.73632,0.44687
-1.2768,0.53702
0.46947,-1.1843
-0.49352,-1.3475
-1.0317,-0.82025
-1.0235,-0.60516
1.7605,0.14765
0.31872,1.0905
-0.57194,1.418
-0.35459,1.0219
0.60182,-0.59725
0.90258,-0.90963
-0.64707,0.64644
1.7119,-0.1278
1.094,-0.32708
0.5281,0.3382
-0.66934,0.66404
0.93229,-0.57777
-0.90843,-1.1228
0.45884,-0.77655
-0.49077,0.55038
1.1843,1.0659
-1.1938,0.31576
0.22496,-1.0979
-1.2259,-0.53002
1.2435,0.11058
-0.32708,1.3529
-0.42774,-0.57937
-0.63449,0.85833
-0.48078,1.4897
-0.62939,-0.59395
-0.62869,0.35625
1.3051,0.36567
0.77208,1.2553
-0.12833,0.94862
0.26028,-0.54548
-1.5242,0.34978
0.23286,0.654
-0.84495,-0.80512
-0.49075,-1.0057
-0.65313,0.42432
1.2295,0.6776
0.91665,0.48075
-1.5071,-0.75989
1.0598,-0.19808
0.2592,0.55492
-1.0214,0.19011
-0.43479,-1.4742
0.39323,-0.84408
-0.50283,-1.3392
-0.60296,0.43953
1.5715,-1.1315
0.34532,0.52339
1.044,1.2599
1.2307,0.54511
1.4,1.2165
-1.4236,-0.52124
0.96059,1.6349
-1.3171,-0.2773
-0.71469,-0.21929
-0.22558,-0.72836
-1.1447,-0.37769
-0.26066,0.91173
-0.55298,-1.4926
0.42911,-0.70187
0.39372,-0.83054
-1.2534,-1.4034
0.20044,0.4905
0.71405,0.25519
-0.32726,0.74211
0.20044,1.5739
-1.3417,-1.4709
0.59063,-0.70018
-0.24119,-0.86942
1.0616,1.084
-1.1697,1.2758
-0.94157,-1.5995
-0.71555,0.52932
0.25534,1.5291
-1.5927,0.43879
1.3437,0.38035
0.58906,-0.47504
-0.18519,-1.1447
-0.65803,1.4473
0.37531,-1.0149
0.7595,-0.37995
1.101,0.26542
1.2681,0.91431
-0.42965,-1.3464
-0.91355,0.33333
-1.0926,-0.38695
-0.62448,-0.22631
-0.55084,-1.3423
0.73659,-0.91955
1.035,-0.34341
-0.30788,1.2956
0.26109,-0.40227
-0.82696,-0.51722
0.39991,0.84713
0.33544,0.67121
-0.42166,1.4431
-0.36428,0.89829
-0.88486,-1.4102
1.078,-0.44433
-1.523,-0.58669
-1.3637,0.72359
0.36559,-0.92241
0.22923,-0.78738
-0.58398,1.145
0.46994,1.3759
0.3133,1.4484
1.2668,1.8935
2.1702,0.1897
-0.45553,-0.47719
-0.25613,0.79867
-0.33968,-0.71586
1.1796,0.75297
0.48408,0.77544
1.0204,1.0873
-1.0001,0.44712
-0.77584,-0.085334
0.36939,-1.3862
-0.85025,-0.74938
-0.80179,-0.43925
0.78718,-0.50747
0.69431,0.34033
0.19186,0.97503
-1.584,0.52991
-1.1313,1.3543
0.39082,1.004
-0.78337,0.16082
-1.4829,-0.85007
-0.6541,-1.0815
-0.93548,-0.15271
-1.7004,-0.38325
0.98885,-1.7457
0.39085,-1.352
0.21899,-0.45029
-0.91107,-0.19302
-0.64123,1.3286
-0.19446,-0.7759
-0.75865,-0.075599
0.929,-0.42457
0.87157,0.22652
-0.56333,-0.81722
-0.90499,-0.79434
0.53913,0.52166
-0.3114,0.82613
1.2348,-0.53992
-1.3738,1.0792
0.74393,1.5429
-0.96705,0.31179
-0.81507,0.28337
1.1431,-0.89395
-0.57177,-0.72064
0.8479,1.5726
1.0557,1.341
0.24928,-0.80171
0.67975,1.7264
0.50606,0.92921
-1.5435,0.57106
1.2768,-0.63941
1.5059,-0.94339
1.0668,-0.32315
-0.93587,1.4166
0.79092,1.3872
-0.18278,-0.90839
1.2269,-0.5107
-0.81847,-1.2618
-0.33175,0.78848
-1.7215,-0.77546
1.275,-1.8314
-0.72236,0.112
1.6613,-1.0504
-0.35088,-1.4191
0.72794,-1.2061
-0.85819,1.423
0.82342,-0.75597
1.0165,-0.6591
-0.030011,1.0391
-0.20947,-0.78403
-1.1979,-0.22794
1.5095,-1.1107
1.2756,-1.6736
-1.0822,-1.2177
-0.72216,-1.0192
-0.57909,-0.95052
1.2421,0.26992
0.28347,-0.83898
-0.93605,-1.1892
-0.6382,-0.22635
-0.30691,1.3496
-1.1562,-0.20591
1.0664,0.42107
-1.0882,0.79315
1.5677,0.49846
-0.38022,0.69592
1.437,-0.5393
-0.43007,0.65074
-0.90205,0.94228
1.2754,0.11967
0.95443,0.24056
0.6795,-0.96877
1.7927,0.91231
-0.65691,-1.4338
0.84799,-0.99212
-0.71526,0.46535
-1.5224,1.5562
0.80782,0.80621
-0.24917,1.1023
0.36731,1.1
1.7487,-0.78321
-0.41335,0.63464
-0.79148,1.0093
0.39087,0.5869
-0.48619,-0.68385
-0.46742,-1.1106
-0.52254,0.72684
-0.94883,0.53644
1.259,0.68374
-1.5634,-0.73056
-0.85381,-0.33875
-0.67128,-0.84161
-1.7322,-1.1416
0.46986,0.35139
-1.161,1.1257
-1.3863,0.3666
-1.2105,0.25167
0.6032,1.5984
-0.5624,0.23415
-0.53861,0.61628
0.49163,1.1006
-1.1384,0.31478
0.87458,-0.49285
-0.87289,1.3399
-0.21543,0.8979
-0.2592,0.95887
1.2668,0.96102
-0.56376,-1.2888
0.40087,0.52798
2.0956,-0.18844
-0.64419,-1.0078
0.30143,-0.98391
0.25347,0.78797
-0.5933,0.4922
0.27507,-0.92674
-0.72176,0.44097
1.0929,0.1701
1.3048,-0.93013
0.33816,-0.53089
0.49964,1.3763
-0.87247,-0.80267
1.1024,-0.48036
-0.70242,0.75949
-1.7916,-0.83336
-0.87361,-1.6002
-0.67825,-0.93118
1.1002,-0.60998
-1.276,-0.41627
-0.68497,0.26216
0.58032,-0.36395
-0.60003,-0.8518
0.35483,-1.3065
1.2211,0.25112
1.2126,0.26468
-1.6935,1.0964
1.2813,0.40276
-0.82801,-1.2913
-0.69311,1.1695
-0.78808,-0.34559
-0.66738,-0.89646
-0.31219,0.83032
0.40672,-0.45798
0.6079,0.72602
-0.74969,-1.3274
-0.41905,1.02
0.34281,0.394
-0.44253,-0.76566
2.077,-0.10517
-1.0442,0.49294
1.0203,1.7831
-0.43328,0.5446
-1.8072,-1.2142
-0.6064,-0.2737
1.1757,-0.59457
0.37203,0.90582
-0.61055,0.84132
1.034,-0.3309
-0.51219,0.53186
-0.30648,0.89182
-1.4639,1.3264
-0.73062,0.23855
-0.46788,0.71357
-1.4175,-1.0673
1.6324,-0.97539
-0.69836,0.062317
-0.7987,0.14671
-0.28464,-0.87404
0.3685,-1.2617
-0.5473,-1.6704
0.56392,0.30561
-0.62715,-1.3923
1.9781,-0.15355
-1.4734,-0.92604
0.26271,-1.4398
-0.71201,-0.25052
-0.73112,1.3124
1.133,-0.17711
-0.45558,-0.41205
1.652,-0.86957
-1.6822,-1.0091
0.40474,-1.1428
1.1981,1.1968
-1.2186,0.57187
1.4495,1.103
-0.87586,-0.91524
-0.91482,1.0748
-1.0666,-0.63916
-0.76197,-0.42211
-0.49133,0.65775
1.4361,-1.535
1.7528,1.2831
0.24478,-1.0203
-0.77425,-1.0015
-1.3638,1.2363
-0.15408,-0.79521
-0.58157,-0.49766
0.93743,-1.1557
0.46922,1.0044
-0.85984,0.33439
-1.6535,0.69688
-1.1222,0.80636
0.43357,-0.4114
-1.4799,1.3316
0.9244,-0.72224
0.61183,0.83499
1.0131,0.49905
0.30234,-0.73846
0.55042,-1.0645
1.7728,1.2329
1.8638,0.22035
0.90864,-0.59117
-1.0582,-0.22248
-0.72408,-0.80841
0.73959,0.39678
-1.0221,-0.17188
0.34791,1.1484
-0.63962,-0.60495
-0.28516,0.69522
-0.77193,0.41113
0.38719,-1.644
-1.1978,-0.63708
-1.0168,1.1291
-0.55651,0.75136
0.99736,0.59331
0.28007,0.96707
-1.1003,-0.8907
0.40614,0.54328
1.2037,0.58042
0.59722,-1.6835
-0.49347,1.6713
1.6329,1.3689
1.4139,0.59073
0.78,-0.65724
0.23985,1.1422
-1.1009,-0.20888
-1.4661,0.60628
1.2308,1.1435
-1.0257,-0.70903
0.69336,0.26453
0.78608,1.0452
0.23798,0.92187
2.0999,0.21446
-0.79903,-0.81034
0.41091,0.82701
0.36159,-1.0245
-0.69016,-0.75889
-0.59045,0.35515
-0.99884,-0.32585
1.4403,-0.81839
0.29418,1.1514
-1.2147,-0.9311
-1.4473,-0.93475
0.58304,1.0277
0.36256,0.77548
0.7572,-1.492
0.29577,0.66741
0.94266,0.81714
0.85568,1.1864
-0.5906,0.49566
-0.089002,-1.0334
-0.39915,0.62752
-1.1213,-0.92166
-1.239,-1.4347
-0.94252,-0.89964
-0.50685,-0.77492
-0.79373,-0.31684
0.42103,1.5855
-0.51696,0.84837
-0.81399,-1.2485
-0.67741,-0.073732
0.78545,0.43734
-0.62058,0.3508
-1.2149,0.62426
-1.0286,-0.39358
-1.5441,-0.73386
-0.9699,-0.34963
-1.0691,0.29362
1.0865,0.96132
-1.5944,0.73202
0.9293,-0.34885
0.26942,0.51085
-0.39545,-1.1448
-0.61379,1.1722
-0.95824,0.95313
0.70345,0.5599
-1.038,-0.17832
-0.46994,-0.95989
-0.83137,0.63733
-1.0486,-0.24818
-0.4061,-0.55332
-1.4733,-0.7514
-0.43373,0.57635
-0.83446,-0.6288
0.25585,-0.56205
-1.2284,-0.55404
-0.68028,0.69116
0.22194,0.54593
-0.40664,-1.3519
-0.46982,-1.628
0.74024,-0.32318
1.3596,0.29103
-0.16428,1.1737
1.3522,-0.24677
0.28802,-0.87267
0.98566,0.92584
-1.2874,-0.41102
1.1645,0.78644
1.4789,0.57777
1.539,0.49484
0.26886,0.56857
-0.098591,-0.98722
0.36761,-1.6223
-0.69415,1.0579
-0.69458,0.27011
0.4236,-0.50092
-0.55792,0.2848
0.96956,-1.0824
1.2562,0.74117
1.2052,0.44578
0.55464,1.1765
-0.095097,-0.99499
1.2576,-1.1842
0.28164,0.91435
0.48275,0.37355
0.9304,-0.76358
-1.2357,-0.69867
0.85444,-0.27457
-0.77263,-0.69948
-1.2659,1.174
1.0399,-1.5672
0.24987,-0.96555
-0.65645,0.83138
2.2422,-0.16677
-0.45905,0.54619
-1.3023,-0.41152
-0.54008,1.3665
0.70685,0.60757
0.91982,0.89939
1.6635,0.831
1.0477,1.7938
-0.48512,-0.63363
1.1019,-0.71702
-0.63543,-0.3735
0.52188,0.7129
1.1684,0.33997
-1.5362,0.57622
-0.92572,1.2731
0.98792,-0.71186
-1.3343,1.0042
0.25535,0.69716
-0.43118,1.5539
0.34665,-0.76649
-0.49345,1.5045
-0.64986,-1.0605
1.1547,0.31926
2.2035,-0.26791
0.43226,-1.5897
0.24965,0.76311
1.2419,0.34214
0.55059,0.6547
0.28681,1.4184
0.64293,-1.6199
0.34875,1.0834
-1.2532,-1.0302
0.59284,1.0903
1.8022,-0.086125
0.50733,-1.2222
0.53325,-0.45706
1.0022,0.92481
-1.5217,-0.64009
0.43344,0.47076
-0.84257,0.37592
-1.1219,0.82489
-0.21385,0.72003
-0.99347,0.78186
-0.27172,0.67124
1.8027,0.8961
-0.087357,0.94207
-0.49817,0.43755
0.33004,-1.4001
-0.52188,1.0049
-0.97425,-0.9795
-0.92145,0.82314
0.83697,-1.2875
-0.75851,1.0206
1.6944,-0.86319
0.43928,-1.2469
-1.0138,0.50897
1.2645,-0.15761
-0.89863,-1.118
-1.2419,0.39846
0.33939,-0.78358
0.75403,-1.0656
-0.27377,0.75331
-0.46034,0.698
1.2113,-0.33976
1.4486,0.44391
-1.4878,-0.47128
0.71271,0.69706
-1.447,-1.5258
1.3455,0.82345
0.41218,1.5462
0.19415,1.0866
-1.6499,-1.1143
-1.067,-1.1806
1.3769,0.54574
0.55456,0.91397
-0.72136,1.2013
0.50796,0.42044
0.33693,0.45433
1.7116,-0.23943
-0.84344,-0.41275
1.183,0.78152
1.172,-0.21415
-0.71785,-0.53184
-1.5657,-0.53787
0.2151,-0.40901
1.0736,0.51595
-0.53317,-1.1856
0.42948,-0.58562
0.71737,-0.49594
0.61774,0.3393
1.3628,0.82098
1.1394,0.8534
-0.70228,-0.32769
-1.3116,0.65508
1.3722,-1.8305
-0.96146,-0.47091
0.55474,-1.0231
-0.52478,0.70348
-1.2279,1.0476
0.34218,0.56991
-0.014889,-0.99745
0.71556,0.7242
0.68753,1.5568
1.0401,0.24826
-1.3608,-0.63667
1.3824,0.66086
-1.4337,0.63298
-1.5754,-0.46034
-0.77948,-1.2881
-0.62383,0.3909
0.32572,0.885
-1.594,-1.4554
-0.61978,0.42821
-1.079,-0.84608
0.79479,-0.3715
1.09,-0.23156
0.2437,1.0139
0.58791,0.31569
1.4265,-0.91406
-0.35704,-0.56386
0.72038,-0.50764
-0.4358,0.45725
-0.33906,-1.0786
1.7018,0.79855
-1.5981,1.4672
1.0751,0.25344
1.7937,-1.1065
-0.39723,-1.1726
0.56261,0.36394
-0.65122,-1.407
-1.4345,0.66108
-1.7474,-0.47895
0.94734,1.2532
1.4705,-0.39639
-0.65761,-1.0338
0.55093,0.7648
-0.53131,0.60216
1.1439,1.1995
0.48749,-0.41872
-0.47766,-1.1743
1.1643,-0.89836
1.4511,0.25283
0.38844,0.43795
-0.89022,-0.25718
-1.3088,-0.8556
0.90204,0.75576
-0.87547,0.15096
-0.4404,0.82765
-0.76932,1.5558
-1.513,-0.72565
-1.0756,1.5488
-1.4419,-0.96007
0.66063,1.1571
-0.91939,-0.97052
-0.94859,0.4468
1.1082,1.3697
1.072,1.5164
0.35878,-1.6142
-0.82377,-0.15456
-1.4519,-0.5242
1.2747,-0.78047
1.8452,-0.25182
0.64536,-1.2313
-0.87714,0.32655
0.52435,-0.47217
0.27473,-0.67273
0.57425,-0.70235
1.4329,-1.1095
-1.0672,-0.20514
1.2286,1.6558
-0.15855,-0.87394
-0.82625,-0.62122
1.3784,0.22255
-0.89154,0.16947
0.262,-0.5204
0.6854,-0.59854
0.35579,0.66819
-0.12535,-0.92037
0.23864,1.0772
-0.55409,0.2553
0.29864,0.53531
1.3336,-0.65518
-0.1857,0.86949
-0.79666,0.23886
-1.1634,0.50932
2.2357,-0.16254
-0.938,-0.37659
-1.089,-0.96778
0.45313,0.66707
-0.7817,0.14679
-0.28118,-0.86942
-1.0386,0.95289
-0.42668,0.46852
0.76586,-0.25631
-0.66216,-0.15319
0.39334,1.105
0.83433,-0.54648
0.65415,-0.34103
-0.84325,-0.7299
-1.2966,-0.82368
1.1819,-0.59826
0.4626,-0.37836
2.0215,-0.034359
-0.77406,-0.090828
-0.57742,-0.71855
1.3223,-1.8512
-0.92869,0.50276
0.469,-0.44021
-0.47582,0.46954
0.95576,0.73697
0.77184,-0.36032
1.589,-1.1447
-0.32195,-0.80087
-0.66574,-1.6519
-0.71076,-0.36995
0.51102,0.65537
1.0282,-0.53497
-0.74526,0.37945
-0.94283,1.1756
-1.0733,1.0916
1.6264,-1.2885
1.1821,0.51899
-0.1857,0.88292
-0.6467,-0.6098
1.0873,0.95801
-0.19103,0.76144
0.67156,1.6044
1.2222,0.45383
-0.55173,-0.28267
0.51062,-0.47101
-0.44476,1.4544
-0.47906,-0.39742
0.27781,1.2668
-0.82657,0.53326
1.2527,1.1283
-1.2887,-0.3661
0.52062,-0.58941
-1.5688,1.321
-0.45256,1.0004
0.4371,-1.3053
-0.68573,-0.69432
0.32033,-1.0378
-0.68169,1.3258
-0.48881,-1.5437
-0.47844,-0.56153
0.20108,-0.50305
0.38899,-0.53222
1.0535,-1.2079
0.24891,1.5232
0.67047,-0.61848
-1.014,-0.22992
-1.7766,0.50555
-1.0364,-1.5556
0.75418,0.68187
-0.55227,1.5097
-0.71997,-1.1526
-0.62618,-0.69426
-1.2785,-1.2769
1.7293,0.067133
-0.92377,1.0671
-0.95845,1.5342
-0.29163,-0.76865
1.3203,-0.5577
0.29038,-0.63905
0.6825,1.0764
0.24563,0.92711
0.32281,1.4523
1.4991,-0.58331
1.2833,0.14765
-1.333,-0.5322
-0.85953,0.18231
-0.24413,1.1457
0.19643,-1.1335
0.43926,-0.99521
1.1458,-1.0151
1.2543,-0.40083
0.8327,-0.5338
1.7307,1.1932
-0.68613,1.8292
-0.27944,0.80661
-1.5174,0.81188
1.307,-1.4864
0.93268,-0.63327
0.80379,-0.7643
1.0774,0.37281
-1.1859,-1.1511
0.91575,1.4765
0.66135,-1.1475
1.2577,0.5458
0.87411,1.3434
-0.23228,-0.76412
-0.92966,0.60787
-0.56511,-0.94118
-1.3713,-1.3736
0.68661,-0.36405
0.61905,1.2154
-0.26683,0.72545
1.1169,-0.40022
-0.41715,0.66298
-0.54066,0.78831
0.69893,0.54619
1.0278,-0.19937
1.0328,-1.5617
-1.2321,-1.145
-0.94331,0.41902
-0.82577,0.95467
-0.55167,-0.79751
1.3082,0.95749
0.21027,1.3534
-1.5538,-1.222
0.76523,-0.3541
-1.0799,0.47233
0.52434,-0.6257
0.5013,0.3609
0.6606,-0.93675
-0.85192,-0.66913
0.61726,0.28364
0.35098,1.0175
1.4417,-0.44854
1.3029,1.4193
0.75141,0.73108
0.57447,1.1095
-0.86349,-0.1838
-0.81618,-1.5412
1.141,-0.48137
0.72028,0.24032
-1.2064,0.73428
-0.54796,-1.2074
0.65119,0.78745
1.1606,-0.37285
0.73972,-0.57978
-0.71681,-0.12226
0.20727,-0.56547
-1.4392,0.80034
0.54872,-0.57649
0.35201,0.60673
0.35275,-1.5227
1.1474,-1.0403
-0.21956,1.0893
-1.3581,0.46377
0.73568,0.53794
-0.72712,0.45516
-0.97955,0.2988
-0.81578,0.41313
-0.49195,-0.85188
-0.40827,0.69441
-0.85928,0.1294
0.28654,-0.42358
-1.479,0.33808
-0.94563,1.1136
-0.30801,0.86274
-0.60178,1.1117
1.0498,-0.45989
1.1101,-0.48615
1.4559,0.29713
1.26,-0.31887
-0.65064,0.44884
1.464,0.74193
0.70147,0.62109
-1.4275,-0.54693
1.0582,0.43629
1.0656,0.53523
-0.42416,-0.66121
0.72757,0.45661
-0.50617,-1.1846
0.91686,-0.40876
0.40108,0.63498
-0.30221,-0.85359
-0.7193,-0.91703
0.32805,-0.70106
0.62612,1.1436
-1.158,0.20139
0.43881,1.458
-1.4562,0.30305
1.0366,-1.2574
-1.3514,-0.60042
0.53887,-0.72178
1.3266,1.5561
-0.64948,-1.3124
-0.60638,-0.47735
-1.3521,-0.34827
-0.64368,0.69539
0.66729,-0.65441
-1.5272,-1.5316
1.0629,-0.46791
1.073,-1.4599
-0.75776,-1.8137
-0.94692,0.27456
-0.55591,-0.85714
0.24564,0.76933
-0.54138,-1.5574
-1.1271,0.54229
0.96293,-0.3348
0.30113,0.94112
1.236,0.59916
-1.5564,-1.1961
-1.0089,1.0476
-0.22409,1.2839
1.0538,0.18659
-0.50026,-0.37539
-0.36302,0.68123
1.0139,1.645
1.0382,-1.0779
-0.70917,-0.20085
-0.44465,1.2325
1.4471,0.54511
1.0066,-1.0602
0.59292,0.41365
1.1736,0.476
-1.705,0.67967
-0.55771,-0.57144
-1.0742,1.097
1.0348,-1.156
0.69062,-0.86893
-0.75154,0.53418
0.31429,0.55712
0.69253,1.0445
-0.57606,0.70695
-1.1223,-1.1305
1.2947,0.48223
1.37,0.86708
0.20622,0.50664
-0.91753,0.36213
1.2109,0.85756
-0.34227,-1.1991
-0.46981,0.50256
1.9107,-1.002
1.8676,-1.0523
-1.2066,-0.70742
0.96322,-0.6574
1.0743,-0.19887
-0.41355,-0.84336
0.85335,-0.26255
1.4396,-0.52478
0.6263,0.49037
0.39213,-0.96929
-0.57716,-0.30518
-0.86155,-1.22
-0.6455,-0.28914
1.0004,-0.58806
1.5575,-1.3614
1.9001,0.17786
2.2512,-0.16614
0.48702,0.67297
-0.37496,0.82049
-0.37487,0.87849
-0.29054,-0.77834
-1.6398,-1.4533
-0.80338,0.84258
0.9871,-0.48112
-0.34781,1.2241
-0.73365,1.5796
0.25426,0.46439
-0.71503,-1.0158
-0.76866,0.42135
-0.72562,-0.27107
-1.6935,0.8954
1.6186,-0.63789
0.81447,0.87984
-0.99786,-0.70499
-1.3396,-1.2855
-1.6765,0.75587
-0.89577,-1.7346
-1.3032,0.29026
0.43966,0.50339
-0.61006,-0.35394
0.5105,1.6428
-0.61513,-0.62867
-0.17656,1.1613
-0.39847,0.92836
-0.73563,-0.85599
1.8131,0.86035
-0.59979,1.1752
1.1313,-1.7619
-1.1518,-0.36829
1.4841,0.3911
1.3077,-0.57718
0.4771,-0.62152
-0.54991,-0.77944
0.52046,-1.0408
0.59186,-0.29161
-0.23618,-0.87678
-0.83682,-0.67295
-0.9197,-0.70642
-0.64205,-1.5197
0.54569,-0.97473
0.83784,0.3794
0.53898,-0.37873
-0.91468,-1.7242
-1.2982,0.51202
0.63005,-0.31673
0.24165,1.4169
0.61909,-0.59475
1.5468,0.011385
0.19878,0.96611
0.5598,0.47803
-1.3309,0.51212
0.20078,1.045
0.19995,-0.94259
-0.89674,-1.2374
0.23859,0.84566
-1.2631,-0.41638
0.32686,-0.84407
-1.2142,-1.1062
0.7967,0.27735
0.85744,-0.62564
-1.7229,-1.4578
0.90082,0.47081
-1.3936,-0.41467
1.1035,-0.49988
-0.59724,1.4835
-0.52072,1.022
-0.59434,-0.71102
0.69437,-0.5046
0.55838,-0.6998
0.82463,0.66336
0.29681,-1.0572
-1.65,-0.60023
0.51327,1.6126
-0.8819,1.0338
0.77009,0.23303
1.3225,-0.78295
-0.89554,1.2601
1.4282,0.55064
-0.90645,-1.4967
-0.38138,1.2564
0.84388,-1.2359
-0.52103,0.41519
-0.37915,1.0747
-1.2593,0.5245
0.72449,0.34524
0.24724,-1.3567
1.6639,-0.13998
-1.2662,-0.98969
-1.4457,-0.93484
0.61114,-0.33026
-0.6672,0.7573
-0.57897,1.7002
-0.40405,-1.4692
1.2516,-0.96266
1.1479,-0.25308
-0.81837,-0.56551
-1.4716,1.0339
-0.68404,0.308
-0.37565,0.56242
-1.3904,1.1549
-1.23,-0.59542
0.81568,-0.63537
-0.78865,0.46724
-0.89566,0.96976
-1.5138,-0.73266
1.3997,-0.507
0.66435,1.4214
-0.30706,-1.2991
1.049,-1.0147
1.1535,-1.1622
1.1931,-1.4273
0.86346,-0.59427
-1.5387,1.262
0.22819,-0.48415
-1.7163,-0.4695
0.31267,0.81417
-0.7452,-1.2674
0.54362,-0.64422
0.59808,0.70322
1.3918,1.1572
1.7081,0.96542
0.5586,1.3902
-0.80561,1.7342
-0.58959,-1.2031
-1.2863,-1.551
-1.5076,0.4498
0.42321,-1.0559
-0.94601,-0.57889
-0.63767,0.847
-0.14347,-0.85153
0.50432,0.98011
-1.7258,1.204
1.2239,-0.39314
-0.19196,1.1505
0.23871,0.96168
0.48983,-0.6448
-1.5404,1.0513
-0.76744,-0.63954
-0.63805,0.89713
1.3065,-1.7723
0.53215,0.49023
1.1451,-0.34802
-1.3681,-0.71794
-0.52625,-0.32371
-0.66768,1.7536
-0.70424,-0.077287
-0.41742,-1.4898
-0.14192,-1.046
-1.3866,-0.76783
1.013,0.47009
-0.099898,0.94912
0.82889,0.65164
-0.85586,-0.44038
-1.1512,1.4613
-0.54421,-1.1315
-0.36035,1.2484
-0.55121,-1.5912
0.66875,1.0281
0.84534,0.99973
1.2444,-0.81468
-0.509,-1.386
-0.93373,0.3398
0.51141,-0.99467
1.7824,-0.78721
0.37492,-1.6031
-0.49255,0.95967
-1.2119,0.49875
-1.1812,0.64725
0.31077,0.70806
-0.18574,0.88158
-1.7964,-1.1317
-1.0901,-1.1453
-0.61966,0.44178
-1.6537,-0.70597
1.2039,0.61719
-0.28067,-0.97949
-1.5686,0.99012
-1.0241,0.9855
-1.5852,-0.52041
-0.96231,1.3387
-0.66243,0.85117
1.6954,1.3373
0.62179,-1.2896
0.74667,0.27344
-0.80307,-0.99467
-1.5018,-0.38123
-0.38113,0.50337
-0.38021,-0.70133
1.3932,0.61194
-0.60336,1.3758
0.28354,-1.4308
0.45716,-1.01
0.868,-0.70262
-0.94273,0.27236
-0.36432,-0.5264
-0.55485,0.84722
-0.78824,0.51581
0.26464,0.84729
0.27997,-0.40052
-1.3241,-0.5953
-0.5575,0.46938
0.23294,-0.89096
0.69249,0.86393
1.1145,0.62719
0.99231,-0.93122
-1.2569,0.4592
-0.15412,-1.1858
0.70586,1.3802
-1.1428,0.9537
1.2561,-0.086297
0.47386,0.44453
-0.14975,-0.81616
-0.45133,0.41762
-0.73604,-1.341
1.63,0.86953
-0.20625,1.1472
-0.72334,1.1784
1.5002,-1.1125
0.72118,-1.4647
0.53605,1.538
1.7189,-1.05
-0.67297,0.43811
0.25309,0.43742
-0.3705,-0.52017
-1.01,-0.69853
-0.6298,-1.5214
-0.60375,-0.59243
1.4303,1.0243
0.50968,1.2228
0.85832,-0.67836
-0.78068,0.54239
-0.58169,-1.0421
-0.78699,-0.63733
-1.3713,-0.74222
-0.58728,0.59861
1.7801,-0.015834
0.20787,-0.8226
0.89909,0.59776
1.0792,-0.1408
-0.3278,0.71165
-1.296,-1.4934
0.51617,1.6275
1.1581,-0.48768
0.23163,-1.0648
1.7029,-0.1116
-1.0667,-0.45564
-0.70499,1.0002
1.8387,0.13595
0.50154,-0.69389
0.232,-0.78867
0.85712,0.2638
-1.5048,-0.93375
-0.23967,-1.1564
0.4447,-0.63905
1.735,0.08589
-0.2769,-1.3265
0.34016,-1.0945
-1.1677,-0.70734
-0.66524,-0.62213
1.6606,0.64814
-0.51739,-0.81028
0.31798,-1.2451
1.6273,1.0099
0.20457,1.2386
-0.94396,-0.7742
0.97841,-0.65496
-0.47261,-0.88411
-1.2485,0.2924
-0.29845,1.336
-0.43119,0.874
-0.51167,0.45161
1.2305,-0.18564
0.5221,-1.2927
-0.46785,0.49658
0.72308,-1.3684
-1.2627,0.42563
-0.24298,-0.77938
-1.5796,-0.62231
0.31919,1.0709
0.30083,1.1722
-0.51983,0.85303
-1.1751,-0.4544
-1.0127,-1.2403
0.26656,-1.2078
-1.0501,0.46867
0.2829,1.3412
0.3806,1.4354
0.79959,1.6286
-0.64711,-0.25173
1.2668,0.53804
0.91289,1.5246
-0.69237,-0.90247
1.2309,-0.27456
-0.78575,-1.4636
0.39685,-0.56429
0.37816,1.1705
0.33138,0.88219
-0.070144,-1.0147
0.60277,0.78226
0.21464,-0.80978
-0.39692,0.59468
0.22019,-0.71651
-0.77834,1.5288
0.39623,1.3575
1.0602,-1.0468
-0.86579,-0.64002
-0.65086,0.59967
-0.75483,0.96752
0.53896,0.64309
-1.3351,1.1733
0.74472,-0.25063
1.1708,-0.90918
1.3014,1.0414
1.4752,0.28669
0.45472,-0.41483
0.32226,0.73987
-0.69741,0.6917
1.7559,0.77168
0.64984,1.6843
-1.3898,0.72904
0.20378,-0.90414
-1.6584,-0.89092
0.67386,-0.31735
0.83125,1.2022
0.28613,1.0513
-0.89575,-0.29006
-0.45279,0.75751
-1.3637,1.0088
1.1574,-0.16657
0.78508,0.32049
0.23096,0.85975
-0.4196,1.1983
-1.1358,1.3806
0.84611,-0.29986
-0.88634,-0.37772
0.38201,0.42905
0.67513,-0.55145
-0.61591,0.83676
-0.69522,-0.89398
1.7542,-0.81576
1.8713,0.13456
-0.67643,0.64947
0.39216,-0.54153
-1.0833,0.6348
0.60291,1.0182
0.64606,0.77143
0.26779,0.39959
1.3195,-1.0434
1.427,1.3355
-0.91386,0.16004
0.95701,-0.31752
0.83674,-0.80309
-0.71093,-0.80069
1.2393,-0.6849
0.52728,1.3547
-0.85518,-0.97828
-0.41437,0.97628
1.1014,-1.0965
-0.94409,-0.40912
-0.74604,0.56204
1.0497,-0.19879
-0.82698,1.7386
-0.78341,-0.44915
-0.15596,1.0223
-0.16095,1.2
1.7191,0.69548
1.049,0.85535
0.67598,0.3899
-0.56866,0.76934
-1.1911,-0.41852
0.43327,-1.6543
-1.5916,-0.70118
1.6813,0.091219
-1.0744,0.71617
-1.2746,-1.2579
-0.1366,-0.95836
0.64421,0.85534
-1.3168,0.63482
-1.3467,-1.3989
-0.86766,-1.5963
-0.43089,-0.7305
-1.306,1.2012
0.71342,-1.3725
0.74936,1.4814
-0.87395,1.0854
0.98538,-0.93272
0.21488,1.5819
-1.505,-0.33421
0.54712,-0.68993
0.37107,0.67908
1.0338,0.75788
-0.60123,-1.2914
-1.361,-0.54779
0.50672,1.5476
-0.094606,0.92339
-1.2251,1.3386
0.63709,-0.6459
-0.39518,0.91461
0.76094,0.27099
-0.88573,0.574
-0.42585,-1.45
0.64108,-0.57226
1.6571,0.11138
1.6018,0.77009
0.80764,-1.4051
0.79413,0.65696
-0.69896,0.38272
0.4539,0.55144
0.72276,1.1698
-0.59723,1.053
-1.2154,0.8844
0.31648,0.86802
0.88554,0.35197
1.2544,0.37409
1.2201,1.8975
-1.1789,-1.128
1.2492,-0.15155
0.47717,1.565
-0.63864,-0.97264
0.52286,0.50468
-1.3151,0.77196
-1.1006,0.24274
0.88153,1.1418
-0.43528,-0.9802
1.8263,-0.87513
0.67121,1.3422
0.5677,-0.42855
1.0024,0.58151
-0.25083,1.267
1.1863,-0.53306
0.6803,0.89845
1.6373,-1.2966
-0.80619,0.16088
-1.8083,0.69979
0.81152,0.81473
0.81478,1.18
1.4593,1.3753
-1.3912,-0.40839
-1.3088,-1.1588
-1.2945,0.30837
-1.1235,-0.36929
0.86054,-1.3527
-0.65608,-1.351
0.76227,-1.6894
-1.7579,0.47256
0.79948,-0.79839
1.0161,-0.56235
-0.8478,0.187
0.65682,0.46235
0.29776,0.59156
-0.3105,0.68632
0.62226,-1.5602
-0.57908,0.94407
-0.36157,-0.61597
-0.25691,0.9283
-1.2564,0.78085
0.79997,0.5099
-0.65111,-1.129
0.91047,0.41019
0.40787,0.36581
1.1971,0.66269
1.8967,0.25218
0.98862,-1.0911
1.1491,-0.56757
-0.33695,0.68413
0.54621,-0.4981
-0.33225,-1.0755
1.8782,-0.24181
-0.80657,0.25847
-1.5718,-0.5222
0.77858,1.0396
-0.53543,0.35691
-1.6948,0.4746
0.20611,-0.84558
1.2766,-0.51551
-0.63193,0.67818
1.3186,0.17745
-1.0526,1.0418
-0.99381,1.5417
2.0596,0.21559
-1.7966,0.74998
-0.24971,-0.78049
-0.52223,-0.47277
-0.12408,-1.0929
0.82525,-0.5023
0.53682,-0.4574
0.92813,-0.35641
0.9449,1.0912
-0.75276,-0.64402
-0.81844,-1.2449
1.5432,-0.5574
0.54163,-1.1719
1.9764,0.0092605
1.1649,0.77127
0.85583,-0.53551
0.76044,-0.98511
-1.051,-0.29089
-0.26484,0.69013
1.0774,-1.0665
-1.1983,-1.2894
1.6051,0.7381
0.44459,-0.36762
-1.0017,1.568
-0.76754,1.6356
-0.81862,1.5375
-1.6065,-0.86622
-0.43837,-1.0896
-1.2208,0.70743
-0.94887,-0.21128
-0.86031,0.80873
0.48925,-0.34719
0.33116,-0.85172
-0.61065,-0.62118
-0.51345,0.65439
1.2959,1.0071
0.38695,1.0825
1.1826,0.55483
1.9956,-0.25286
0.34802,-0.45511
-0.63571,-0.97986
-0.76149,-1.2835
-0.30125,-0.70723
1.557,0.52793
-0.53418,-1.5779
0.53117,1.2251
0.29169,0.40393
-0.79831,-0.14949
0.73319,-0.77298
0.41501,1.2591
-1.0046,-0.73113
-0.55279,1.4012
-1.5537,-0.46398
-0.93772,1.1189
1.4971,1.5635
0.6966,-0.5085
0.9079,0.33006
-1.12,-0.55852
1.4958,-1.1525
0.3238,-0.76135
0.56,-0.98424
-0.88611,1.3092
0.52114,-0.34122
0.30775,-1.0244
0.33472,0.72875
-1.3228,0.52679
1.4282,0.22815
-0.30053,-1.0143
-1.7138,1.0023
-0.99138,-0.28072
-0.58776,-1.087
-0.040717,-1.0305
-0.51447,0.33315
0.69452,-0.27043
-1.3406,1.6348
-0.92742,-0.18909
-0.99147,-1.1735
-0.77347,-0.16288
-0.44774,0.86721
-0.4185,1.2691
-0.82238,-1.5595
0.29489,1.3203
-0.23277,1.2354
-1.2384,1.0707
-1.2958,-0.32623
-0.7793,-0.77321
0.23604,-0.84445
0.34079,0.51499
-1.2092,0.31034
1.6462,0.74914
0.63842,0.77803
1.327,-0.15564
0.60433,-0.74714
-0.72904,-0.3469
0.46162,0.40288
1.5942,-0.835
-0.26517,0.85769
0.35909,-0.79434
-0.70941,-0.86662
-0.86773,-0.98254
-0.29357,0.82447
-0.71013,-0.68767
0.57284,0.44522
-1.326,-1.4999
0.46806,-1.6161
-0.99948,-0.35421
-1.7058,0.75941
0.20324,0.95868
0.48683,-0.4459
0.33781,0.42433
-0.92438,-0.7204
0.83351,-0.56649
-0.99915,0.64127
-0.25395,-1.1217
-0.77404,-1.3542
0.62813,-1.0275
-0.20194,0.86107
-0.81777,0.28851
-1.1314,0.88132
-0.94421,-0.62159
0.25795,1.1982
1.109,-1.6127
-0.23958,-0.69302
-0.68491,0.9326
-1.2086,-0.36079
-1.1824,0.64466
-1.0888,-1.6985
-1.2904,0.54563
0.82519,1.6131
1.2159,1.6139
-0.59994,1.0401
1.8349,0.89769
0.2523,0.98403
-0.51456,-1.3107
-0.68732,-1.1855
-0.84562,-0.3143
1.4243,1.4915
-0.74405,-0.37438
-0.5111,1.0223
-0.70619,-1.0207
0.69629,1.7395
0.66538,0.68753
1.239,0.89866
-1.1501,-0.26418
-1.6252,0.58164
0.92103,-0.9379
-0.73719,0.17978
-0.13183,0.86793
1.3144,-0.25112
-0.07176,1.0952
0.48928,-1.6802
-0.81153,-0.75222
0.70621,1.1628
-0.75369,0.32192
1.6357,-0.64779
0.67326,1.2736
-1.0398,0.48795
-0.90675,-0.4747
-0.66609,-0.50202
-0.30889,-0.8369
-0.62832,0.5009
0.48437,0.95268
0.66776,0.89816
-0.54932,-0.3175
-0.93513,1.1881
-1.2128,-0.38118
1.3227,0.38535
0.38714,0.90278
0.71778,1.7361
-1.0088,-0.18004
0.93632,-0.17156
-1.0685,-0.31252
0.44469,0.40174
0.68492,0.53977
-0.38045,1.4431
-0.8093,-1.4712
0.42542,0.96419
0.97042,0.52231
1.5657,1.3528
1.11,1.4999
1.0933,0.97522
1.2003,-0.10728
0.6195,1.091
-0.44203,-1.2808
-0.84648,0.48272
0.93312,0.2917
0.26506,1.0621
0.66265,1.2091
0.45482,0.49357
0.22162,-0.57464
-0.61961,-1.1903
0.34681,0.72809
-0.4682,-0.36529
-0.89457,-0.45442
-0.28302,1.0965
1.0178,0.30255
-1.2609,0.24015
-1.307,-0.7656
0.75206,0.95719
0.4415,0.55315
0.36719,-1.1447
0.92748,1.0477
-0.56784,-1.5646
-0.93724,-1.2838
0.68499,-0.49182
0.8418,0.59351
0.29901,0.62033
2.0547,-0.2518
-0.56492,-1.3172
0.20211,-1.0584
-0.43997,1.4779
-0.7476,-0.25631
-1.1382,0.30103
1.1856,-0.33262
1.0199,-1.346
-1.048,-1.4766
-0.59118,-0.25901
1.3568,-1.0057
1.0442,-0.25932
-0.6192,-0.35101
-0.5026,0.70583
0.48205,-0.47597
2.117,0.099027
0.80667,1.0169
-0.9334,1.4725
0.98496,-0.74669
0.31541,-0.91433
0.26803,-0.49422
0.56176,0.54971
0.65507,-0.61348
0.54586,-0.6694
1.3648,0.97885
-1.3744,0.85066
0.76864,-0.74282
-0.096305,-0.99523
0.88482,-0.68838
0.79572,-1.0377
0.37423,1.239
1.627,0.66044
1.4171,-0.25323
0.45042,1.3014
-1.4057,-0.29314
0.2402,0.62244
0.96852,-0.87453
1.1976,0.92474
-0.78385,-1.8151
-0.81185,0.98893
-0.69674,-0.62502
0.4632,0.75813
1.169,-0.1804
-0.016285,-0.97952
-1.0199,0.55525
0.51673,0.51782
-0.17641,-1.0924
-1.1863,0.33837
1.5338,0.3778
0.95323,-0.49014
-0.79218,0.7441
0.38298,-0.45439
-1.1037,-0.45878
-0.7558,-0.87236
-1.053,-0.9756
1.5257,0.95863
-0.98617,-0.23719
-0.63992,-0.71532
-0.65414,1.3856
-0.6627,0.64393
0.93573,-1.4265
1.7664,-0.039751
-1.5026,-0.42496
-0.64929,1.5705
0.38685,0.74292
-1.6248,1.368
-1.4088,-0.88217
-0.34656,0.84284
0.87732,-0.54354
-0.98565,-1.1298
0.66079,-1.2078
-0.77362,0.10879
-0.70266,1.848
-1.7304,0.84164
0.21609,1.0956
0.6211,-0.79549
-1.2218,-0.51084
0.51954,-1.1049
-0.98441,0.47345
0.81647,1.3909
0.41989,0.36125
0.99452,0.53803
0.44552,0.65422
-0.43799,1.1227
0.95986,-0.28859
0.66918,1.1499
-1.5988,-0.84632
-0.12262,1.0372
-0.076141,-0.91443
-1.1863,1.1998
-0.41596,0.48394
0.46052,-0.84241
0.92029,1.2784
0.93548,0.78826
0.41914,-1.143
0.33612,0.68345
0.98072,-0.21553
0.96122,1.035
-0.72676,-0.50838
-0.64346,-1.0841
-1.527,-0.54422
-1.0278,0.68756
-0.39328,0.47566
-0.7354,-1.3866
-0.79917,-0.61122
0.2301,0.85703
0.8152,0.32233
-0.15304,-0.879
1.314,0.61804
-0.41926,-0.65462
-0.69015,-1.6793
-0.24817,1.1934
-0.28721,-0.75127
0.43173,-0.43124
0.40485,0.48373
0.25221,-0.92917
0.53185,-1.3263
1.024,-0.90126
-0.65582,0.39817
-0.89294,0.76421
0.22182,-0.46994
1.0651,-0.3964
0.61585,-1.1578
0.34314,1.2561
1.2442,-0.56312
0.23462,1.5473
1.4188,0.89204
-1.1241,-0.2487
0.89867,-1.2881
1.0216,-0.38425
-0.69743,-0.73442
-1.152,-1.6792
-0.25638,-0.93547
-1.3075,-1.1253
0.89986,1.18
-0.7637,-1.0567
0.6913,1.4982
0.22029,-0.82179
-1.2385,-0.33643
0.46254,1.4247
-0.69362,0.18509
-0.27147,-1.1293
0.8773,-0.92228
0.71844,0.73908
-1.3553,1.2905
0.57342,-0.94955
-0.98969,-0.40949
-0.53584,0.9655
1.0186,0.2113
1.3266,1.2186
-1.2688,0.83629
0.84089,-0.45009
-0.56585,0.56647
1.1473,-0.49555
0.24171,0.76768
-0.82139,0.92337
1.4929,0.49234
-1.5527,1.6593
-1.3128,0.57538
-1.4727,1.0203
1.5133,1.3295
0.38821,1.0619
-1.1526,0.82407
0.91364,-1.0292
0.96179,1.2449
0.60705,-1.1578
-1.0158,-1.4445
-1.0372,0.2531
-0.2666,1.3175
0.41178,0.75792
-1.6723,-0.73349
-1.3232,-1.5116
0.91144,1.0439
-0.13704,-0.9904
1.0444,1.8247
0.70341,-0.82215
-0.44931,0.70321
-0.98191,1.5362
-0.28788,-0.7113
-1.175,0.85577
-0.3773,-1.0397
-0.7084,-0.11919
0.79869,-0.94203
0.87311,0.896
0.71552,0.3716
-0.41891,1.1975
-0.33833,1.2387
-1.4417,-1.4795
0.48835,-0.35871
-0.35555,-0.85477
0.33563,-0.80249
1.3237,-0.48741
-0.82288,0.28371
-0.5395,0.94974
1.3279,0.43738
-0.77123,0.30126
1.1605,1.8087
0.68462,-0.77804
0.68555,0.56833
-0.59884,0.59438
1.3315,0.86831
0.34005,-0.9106
1.3326,-0.12633
-1.1366,-0.28085
-0.80621,-0.2718
-1.2513,0.35577
-0.34479,-0.88386
-0.58125,1.2704
-1.1951,0.48605
0.83588,0.55128
-0.11702,-0.98921
-0.51987,-0.49813
0.3454,1.2462
0.75868,-0.44511
0.35267,-1.0611
0.70894,0.55656
0.51774,1.1855
1.3867,0.65193
0.21781,0.52259
1.1833,-0.94529
1.26,-0.73474
0.54543,0.95581
-0.70671,0.31163
-0.49826,-0.6623
-1.168,-0.46331
0.97164,0.48797
-1.4312,0.77855
1.4218,0.67468
1.7188,1.3145
-0.54716,-0.25585
1.2472,-0.41713
0.41733,1.0753
-0.60893,-0.50186
0.95373,1.7102
0.95241,-1.3729
-1.7558,1.2069
1.0616,0.72328
-0.37779,-1.3145
0.58354,-0.86127
-0.23974,1.2497
0.96154,-0.32912
0.36623,-0.66281
-0.7842,-0.1981
0.50386,-0.76236
0.77779,1.4765
-0.44828,-0.65846
-0.78519,-0.84703
-0.26839,-0.92027
-1.68,-0.74864
-0.749,-0.4607
-0.19382,-0.92903
-0.25628,0.99326
0.30543,0.5439
1.9867,0.057357
-1.2049,0.85306
-0.63601,0.64202
0.59646,0.9013
-0.24823,-0.97326
0.42613,1.3106
-0.61999,0.49944
-0.92475,-0.80088
1.8029,0.23371
1.6281,-0.89801
-1.359,-1.3038
1.1156,0.65007
0.75206,1.4362
1.2858,0.2396
-1.3493,1.3703
1.3853,0.34488
-1.659,-1.4889
-1.0692,-1.1443
0.98822,-0.2893
-0.73184,0.79707
0.40944,-0.42417
1.2478,-0.29473
-0.61935,-1.0383
-0.95715,1.2551
-0.70255,-0.22529
-0.5773,-1.7659
-0.39408,1.141
0.41882,-1.1594
-0.61177,0.27247
0.57434,-0.72698
0.30599,-1.2674
-0.68335,-0.62559
0.59647,-0.91137
-1.6785,-0.78372
1.4939,0.52155
-1.0874,1.3327
-0.68554,-0.74234
-0.46327,0.55115
1.0344,-1.4668
0.74057,-0.25473
0.74838,0.30778
1.2741,1.4238
-1.1226,-0.24594
-0.79185,1.3971
-1.2504,-0.5212
-0.39698,-1.0163
-1.1851,-1.3382
0.20391,0.69458
-0.62646,-1.6588
-1.0092,-0.62125
0.22073,0.81848
0.34045,-1.4011
0.77681,-1.084
-0.48276,-0.7493
0.57518,-0.76473
-0.88944,-1.3675
-0.86962,-1.2722
-0.94877,1.1317
-0.23552,-1.1074
1.1354,0.56084
0.33534,-0.59189
0.62645,-0.69294
-0.83188,-0.65208
-0.5001,0.48254
-0.50331,-1.486
1.1639,1.5667
-0.68922,0.83134
0.51721,0.35481
0.88905,0.72024
0.20601,-0.76012
1.4885,-1.0252
0.99012,1.1782
1.2877,1.4026
-1.4228,0.36053
-1.2398,-0.8065
-0.96659,-0.9006
-0.98418,-1.554
-1.0568,0.60531
0.86152,-1.4255
0.3479,-0.45616
-0.93592,0.27957
-1.3941,-1.3818
-0.81693,-1.347
-1.7899,-0.89314
2.1905,-0.17976
-0.89705,0.70042
0.61082,-0.9522
-1.19,-1.4534
-0.72292,0.33605
1.2009,0.58541
0.87505,0.72894
-0.46386,1.0848
1.9005,1.0135
-1.5293,-0.39498
-1.0836,-1.1119
-0.37991,-1.5025
-0.36175,0.69917
-0.90928,0.45296
1.5014,1.6691
-0.52492,0.50016
-0.98001,0.46844
-0.92075,-1.835
0.98812,0.30716
0.65028,-0.98695
-0.65801,1.1382
-0.84693,0.20944
0.36217,-0.47702
-1.1775,-1.0733
1.3913,0.42484
-0.34078,-1.0344
-0.74786,-0.67844
-1.3501,1.5247
-0.81449,-1.2172
-1.3834,-0.47451
0.24329,1.2867
-0.35106,0.92196
-1.6188,-0.40626
0.22457,-0.62363
-1.1117,1.1753
0.29438,-0.75326
-0.36824,-1.4414
-1.053,1.3656
-0.737,0.34343
-0.54262,-0.70489
0.27561,0.98281
-0.69619,-0.26797
-0.33881,1.3264
0.6044,-0.42998
-0.92808,-0.22063
-0.71745,-0.54361
0.82124,-1.3621
0.32167,0.83026
0.85748,0.65508
-0.37508,0.8817
-0.92209,-0.60285
-0.52887,-0.69176
1.1477,-1.1609
0.77076,1.2507
0.83192,0.70899
0.73331,1.1254
-1.1984,1.0345
0.32688,1.0957
-0.97833,0.18191
1.3352,0.39371
-0.59536,1.0071
0.60564,1.0884
1.0458,-1.0649
0.56607,0.47366
1.3092,-1.1254
-1.6365,-1.3418
0.72469,-0.52971
-1.0719,-0.18815
-0.83546,0.90289
-0.53523,-0.69855
1.5,1.0277
-0.90757,-0.68134
-0.58961,-0.66816
0.5232,1.0573
0.53696,-1.2017
-1.2442,0.87199
-0.63855,1.1542
-1.1342,0.53668
-0.96348,-0.53445
-0.67754,1.2523
1.2876,-0.95794
-1.7154,0.43612
-0.92561,0.70795
0.4988,-1.3223
-0.81036,-0.21022
0.4301,1.4799
0.71091,-0.55985
0.42464,1.4923
1.56,-1.0089
-0.1718,-0.77399
-1.2728,0.379
-0.91077,0.15156
0.22306,-0.41955
-0.622,0.45927
-0.83596,0.79827
-0.58308,-0.68382
0.56092,1.6452
-1.0032,0.73607
-1.2447,0.45706
0.24966,-0.81187
-0.20055,1.2755
-0.94142,1.4032
0.19682,-1.0662
1.6529,1.1106
0.78106,-0.75943
-0.21325,-1.037
1.3459,0.48086
1.4204,-0.22953
-0.69031,0.40252
0.9057,-0.38413
-1.2835,-1.7139
-1.1322,1.5351
0.98975,-1.1704
-0.66145,0.33039
-0.71696,-1.1122
-0.96001,0.61209
-0.037188,-0.97571
-0.53891,0.65584
0.22979,-0.77458
-0.48116,-0.40645
1.1456,-1.0216
0.30227,-0.64605
1.0464,-0.16534
-0.57983,-0.21719
0.2401,1.0212
-0.29735,1.155
-0.44526,-1.1094
1.1408,0.93307
-0.52065,-0.58971
1.3814,-0.30433
0.19543,1.1588
-0.27311,1.1578
-0.70379,1.1412
-0.15813,-0.96847
-0.8927,0.90946
-1.4823,1.1944
1.3425,-1.1639
0.42856,-1.3293
-1.0052,0.354
-0.78851,0.48382
-0.8637,0.37491
1.0577,1.1568
-0.63555,0.36759
-0.70547,-0.72407
-0.42779,0.53202
0.31058,1.2482
-0.58424,0.37062
-0.75555,1.4726
-1.7849,0.52172
0.85151,0.7453
-1.3718,-0.36529
-0.80359,-0.2733
1.1179,1.0498
1.3398,0.17058
0.70697,0.31672
-1.2391,-1.5459
0.34914,0.9713
-0.50988,-0.47444
0.80088,-0.22533
-0.57257,-1.1012
0.7323,1.028
0.3431,-1.0225
0.62415,-0.48416
1.6041,-1.1558
-0.22356,-0.74201
0.69108,-0.3424
-0.72945,-0.80834
0.50563,0.55876
-0.6814,1.2242
0.20756,0.75267
1.1217,0.70992
-0.27115,1.0639
0.56819,-0.77202
-0.61474,-0.55048
1.1158,0.14128
-1.1101,-0.32548
-1.8087,-0.47847
-0.51357,-0.6857
-0.94152,0.84331
-1.6926,0.72568
0.63104,0.49178
0.78866,1.0954
0.7912,0.37521
0.93806,-0.33371
-1.4728,1.6244
-0.74902,0.74114
1.3769,-0.75404
-1.4436,-0.77273
0.60411,-0.35282
-0.33708,0.99101
1.0842,0.46144
-1.4351,-0.65771
-1.2865,-0.4715
-1.485,1.3223
0.60134,1.6858
-0.65851,-1.389
-1.1166,0.549
1.6043,-1.1846
1.0107,1.3774
0.26223,1.0995
1.0953,0.12853
1.126,-1.4911
1.2994,-1.6641
-1.4916,-1.0987
0.20006,0.96109
-0.77276,-1.1264
-0.66665,0.73842
0.62591,-0.94637
0.6613,0.90557
-1.1705,-0.53917
1.3765,0.60575
-0.15902,1.1525
-0.66414,0.2704
-0.70796,-0.3273
-0.98346,0.30077
-0.53292,-1.0925
-0.89331,-1.095
0.45062,0.63582
1.3093,1.165
0.68679,0.3365
2.133,0.063399
-0.69169,-0.93832
-0.61123,1.1819
0.65947,-0.72722
0.86758,-0.36959
-1.0152,-0.40515
0.77157,-0.49099
0.94105,0.82352
-1.3431,0.62056
0.36449,-0.99716
0.83477,-1.0161
1.4072,-0.26977
-0.53087,0.85077
1.8353,0.12133
-0.83716,-1.2762
-1.241,0.42166
-0.41228,0.76077
0.30573,-0.63257
-0.4451,-0.85646
1.8293,-1.1241
0.66031,-1.2074
2.3407,0.03636
-1.3335,-1.1703
0.43207,0.42805
-0.84329,1.7296
-0.69701,1.6024
0.25764,0.65421
1.8804,0.023982
0.2993,0.7397
1.1393,0.22764
-1.7859,1.2093
0.95463,-1.5938
1.9272,-0.1346
1.2727,0.1801
-0.97602,0.36503
1.6005,0.63145
1.4041,1.1783
0.71091,-1.1679
0.55676,-0.60848
-1.1566,-0.91691
-0.43372,1.0683
0.72501,1.3243
0.88053,0.33612
1.3071,0.2686
-0.67333,-0.80041
0.56644,1.0467
1.0085,-0.43563
-0.98835,-0.94302
-0.95602,-1.2865
1.2959,-0.2628
1.0125,-0.51349
1.4287,0.34724
-0.94451,0.79787
0.60385,-1.5594
-0.70214,-0.52049
0.76412,0.29853
1.0527,0.29578
1.4587,-0.35219
0.69545,-0.63878
-0.29167,-0.87843
0.27596,-0.40476
-0.6576,1.1008
-1.2003,-0.77749
0.51124,0.31796
0.78364,0.93043
-0.13686,0.88604
-1.4534,0.37203
0.38454,1.0169
-0.61808,0.42853
0.3177,-0.66709
0.68719,0.97651
1.437,0.88884
1.1269,1.3095
-0.72463,-1.6223
-0.96644,0.37246
0.78176,-1.1111
-0.82605,1.4611
0.87844,-0.3786
-0.65448,-1.886
-1.2105,1.3645
-0.61043,-1.7135
-0.98494,-1.0176
1.3531,0.68185
-0.55095,1.2133
1.0526,-1.7465
0.9058,-0.42693
0.19502,1.3941
-0.46775,-0.7125
-1.4448,1.5976
0.71674,0.41897
-0.68495,-0.37196
0.7073,-0.26123
-0.74311,-0.70108
-1.0777,-0.5265
-0.29868,0.8733
0.50126,0.44656
-0.70762,-0.12594
1.3096,1.6714
1.5631,-1.0908
-0.76348,-0.13802
1.0367,0.37521
0.2712,-0.47167
0.45587,0.89476
1.3605,0.57132
-0.55571,0.70504
-1.1663,-0.70377
-1.0591,0.99031
-0.95555,0.65635
-0.23737,0.81391
0.71642,0.25971
0.69818,-0.899
-0.4276,-0.4117
-0.55613,0.53903
1.4566,1.1091
0.3942,-0.86064
1.0597,0.46426
-0.67322,1.4761
-0.78488,-1.0165
0.22396,0.49346
0.46799,0.45131
-0.76818,-1.1061
0.3286,-0.65394
-0.23761,1.0651
1.1163,-0.32391
0.61672,1.0946
-0.88465,0.54899
1.3037,-0.50537
-0.57739,0.68498
-1.0023,-0.45436
-0.34608,-0.87275
0.63119,0.97601
-0.65841,0.78317
-1.026,0.55592
-0.85709,-0.86229
1.0418,-0.40807
-0.9968,-1.8438
-0.76868,-0.35274
-0.601,0.2526
-0.80784,0.2205
0.80694,-0.32116
0.37533,-1.4203
-0.69691,-0.4593
0.30295,-1.0335
0.8046,-0.72681
-0.62144,-0.24672
-0.90577,-0.33442
0.43269,1.3387
0.44405,-1.3326
0.24554,-0.41772
-1.6974,-0.61478
-0.62328,0.6754
-1.3566,0.83559
0.63637,-0.79809
-0.99818,-0.25545
1.5008,1.4298
-0.72892,0.77071
0.90384,0.87262
0.63046,0.45461
-0.3415,-0.64943
0.28074,0.63579
0.66022,-1.4916
-0.44875,0.46528
-0.23249,-0.89144
1.0711,-0.24978
-0.97187,0.2121
-0.20071,0.87734
0.24227,-0.78377
-1.1494,0.5125
1.6735,-0.74664
1.0277,-0.35589
-0.33098,0.79442
-0.32632,-1.4245
-0.41841,-1.1926
1.5615,0.68271
0.55671,1.0584
-0.411,0.43928
0.68461,1.4283
-1.2586,1.6962
0.9771,-0.897
0.73734,0.39388
1.3087,1.1076
0.72485,-0.86587
0.49498,1.2783
-0.62,-0.52993
1.6118,-0.65122
-0.95335,-1.0386
0.55351,0.48675
0.73907,1.7401
0.68916,0.74761
0.40284,-1.1494
-0.71235,-0.29656
-1.1199,1.0872
-0.39404,1.3356
-1.0883,-0.81013
1.107,1.0236
0.26401,-1.364
-0.92763,-0.77791
0.31349,-1.0322
-0.15652,0.91035
0.69003,0.38693
0.50991,-0.49345
-1.0156,0.21733
0.7033,0.9931
0.48152,0.56975
0.81894,0.60858
1.2967,0.47799
-0.19137,-0.74913
-0.53118,1.6369
-0.52681,0.69813
0.80216,-1.58
-0.77983,-1.1435
0.46298,1.2856
-0.37581,0.60781
-0.7416,-0.44874
1.2782,0.19944
0.55657,0.88043
-1.0639,0.84268
-0.75643,0.98144
0.8929,1.3479
0.43822,0.76774
-0.43339,-1.4762
-0.51002,0.68942
1.0738,1.573
-0.70911,1.884
-1.7777,-1.4662
-0.92313,0.70184
0.96085,0.34073
-1.1768,-0.97639
0.5927,-0.58257
-0.34114,-0.57274
0.73815,-1.19
0.26423,0.93769
0.40847,-0.8372
0.51348,-0.53029
-1.6294,-0.89065
0.32042,-0.97029
0.59735,-1.6785
0.22761,-0.6727
-1.011,0.84892
-0.76674,-0.40058
1.27,0.47822
0.44277,1.1542
0.91701,-1.7596
-0.90757,-1.2613
-1.5467,0.58806
-0.44269,-1.0563
-1.2233,0.3124
-1.7302,1.5038
-0.72486,-0.16992
0.41196,1.2234
1.2153,-0.42625
1.6595,0.89948
-1.6389,-0.73352
-1.1253,-0.94035
0.71639,-0.46946
1.6,0.52586
0.61225,-0.64319
-1.2694,-0.86151
0.88456,0.68472
-0.8466,-0.92009
1.6819,0.72499
-1.1012,-0.28001
0.97697,1.0029
0.97508,0.29774
1.6826,-0.84133
-0.77378,0.5386
0.47659,0.49004
0.20583,0.68023
0.49999,-0.76964
-1.3669,0.45851
-1.4839,-0.64668
0.19986,1.3449
-0.81062,-0.81674
-1.5985,0.99118
-0.94775,-0.34661
-0.33626,0.57817
0.24411,0.71628
-0.70486,0.73296
0.29615,1.367
0.78933,-0.3602
-1.1169,-0.81649
-0.48533,0.66502
0.63291,0.46998
-0.48137,-0.39254
0.60741,-0.75157
-0.962,-0.3922
1.0303,0.17998
0.30411,-0.7021
-0.61575,-1.66
-0.17172,0.86575
0.33607,0.46281
-0.60956,-1.1479
0.84055,-0.40861
-0.95864,0.32682
-1.4364,-1.043
0.32709,-1.0086
-1.2828,0.5069
0.776,0.25302
0.35148,0.3952
0.34242,-0.45449
0.4004,0.49527
1.3769,-1.6908
-1.5319,0.65561
1.1328,0.31619
-1.1975,-0.57234
1.0137,1.2322
0.7077,-1.472
-1.0358,-0.30073
0.3079,-0.88212
1.1146,0.4863
-0.49952,-1.1148
-1.6821,0.89437
1.3169,0.26677
-0.5899,0.47629
1.7258,-0.20315
-0.72217,1.0277
0.56268,0.57641
0.51816,0.82728
-0.66861,0.35786
-0.87547,0.2669
0.45984,-0.50174
1.1841,0.40779
1.028,-0.67744
-0.80886,0.54249
0.68482,0.61666
-0.10831,-1.0486
1.2539,-0.72768
0.48213,0.7434
1.0969,-0.13243
-1.0808,-0.41856
-1.6407,-0.65962
-0.5912,0.76876
0.97915,0.52413
-0.65734,-0.58249
-1.7132,1.3234
-0.23154,0.78759
1.3982,-0.25522
1.3299,-1.4307
-1.347,0.65039
-1.6447,0.77295
1.2209,0.15273
-0.1708,-1.0414
-0.21255,1.0365
0.5641,-0.76675
-0.38907,-1.2456
-1.5904,-0.35583
0.87512,-0.41566
0.88993,-0.84075
0.45205,0.56817
-0.54179,-0.85706
0.53518,-1.6582
1.057,0.18295
0.83202,0.31615
-1.2052,0.61226
0.80025,-0.94978
-0.5866,1.4002
-0.3499,0.89321
1.4971,0.93737
1.404,-0.44857
0.89225,1.5198
1.1592,1.8145
-1.7014,0.8017
0.62326,-0.88146
0.99493,1.584
0.46677,-1.1855
0.6318,0.70631
0.81929,-0.63304
0.68422,-1.0361
0.94844,1.4091
-0.4383,0.6231
0.86616,0.58198
0.22973,0.98624
-0.22933,-1.1767
0.19286,-0.44641
0.84361,1.2028
-0.087965,0.98941
-1.4468,-0.455
1.4136,0.28006
-0.65277,-0.60567
-0.47568,0.87145
-1.6422,1.3647
-0.44754,0.72469
0.39705,0.78175
-0.75661,-0.94681
0.82535,-0.31197
-0.70125,-1.1497
-1.0365,-0.38003
0.56843,-1.0971
1.5249,1.4892
1.2459,0.10454
-0.42599,1.0509
1.0661,-1.7763
1.1587,-0.51065
-0.92149,-0.87501
-0.95859,0.61551
-0.74509,-0.57196
-0.38862,-0.60206
0.71054,0.40686
0.59502,-0.50465
1.2752,-0.95519
-1.4309,-0.31222
2.0572,-0.26703
0.48259,-1.5416
0.84533,-0.3415
-0.60763,0.2706
0.72573,1.0602
-1.1141,-0.23973
-0.76195,0.42729
0.45267,0.97489
1.3369,1.4792
-1.2807,0.73495
-0.60684,-0.64068
-0.57303,-0.9155
-0.36805,1.0879
-0.62736,0.35195
-0.72517,1.2022
1.3928,0.88634
-0.88351,1.4016
0.77264,-0.38584
0.60483,-0.69648
0.24498,-0.68154
-1.338,-0.68595
-0.48642,0.75854
-1.0711,0.6265
-0.91825,1.0565
-1.203,-1.1419
-0.22088,1.2708
0.8689,-0.55525
-0.82712,0.69662
0.53306,1.1975
0.72959,0.7985
1.1297,1.5823
-1.3275,-0.66249
-0.82087,-0.5633
1.4651,-0.91839
0.66853,-1.4843
-0.56252,1.0134
-0.33299,1.2386
-0.66634,-1.1875
1.3384,1.0753
0.64891,1.6839
1.3734,-0.31517
-0.15294,0.79242
0.40794,-1.0159
1.2525,1.0048
1.1753,0.31658
0.97148,0.51297
-0.36861,-1.3655
-0.73025,-0.35912
0.41389,-1.3704
0.89424,-0.43905
0.66221,0.27586
-0.55137,0.82054
0.99362,0.3803
0.73987,-1.1566
1.0748,-1.7422
-0.48882,0.61151
-0.45995,0.4659
0.56666,-0.6335
0.78231,0.26648
-0.18061,-1.0148
0.60821,0.73746
-0.79095,1.4554
-1.1194,-0.86273
-1.3281,-0.3853
1.1777,1.3876
-0.8316,-0.67382
0.38006,0.96433
0.80785,-0.42625
0.26439,-0.80473
1.1733,1.4199
0.40278,1.3794
-0.53191,-1.343
-1.2891,0.40672
1.0806,0.54123
0.60489,-1.697
-1.5735,1.6438
-0.48319,1.2109
-0.18184,-0.97142
-1.3531,-0.31301
-0.71195,0.56759
-0.77302,0.27626
-0.26558,0.63454
-1.5588,0.96004
-1.0304,-0.8512
1.0126,1.7252
-1.1977,-1.6105
1.1744,0.74914
-1.2422,-0.55706
-1.3357,-1.7112
1.0508,0.22269
-0.64797,-0.81648
-1.0061,1.0125
-0.55819,-0.96916
-0.77295,-0.64474
-0.22338,-1.2041
-0.76975,-0.73982
-1.7884,-1.5274
0.76946,-0.51305
0.45651,0.74929
1.9267,-0.086363
-0.51887,0.82761
1.244,-0.93334
-1.0725,-0.34541
-0.95359,-0.87926
-0.7405,-0.64053
-0.81523,-1.7805
-0.80366,-0.95426
-0.71846,-0.064093
1.1782,1.5233
-0.36969,-1.5065
0.56868,0.62545
-0.40275,-0.56886
-1.4542,-0.53684
-0.59845,-0.37695
0.29261,1.1639
0.86627,0.99473
-0.4822,-0.69186
1.133,-0.38366
-1.4298,1.1679
-0.1473,0.80107
0.27148,1.1291
-0.74157,-1.719
-0.5141,-0.63913
-1.2146,1.1408
0.9382,0.82367
0.52361,-0.34281
-1.1547,-0.38335
0.70682,-1.2174
0.32161,-1.2887
0.33821,-1.0769
0.23574,-0.67303
-1.022,-0.92952
-0.76138,1.7726
-0.65594,-0.45488
1.2558,-1.3283
0.70523,-0.43696
-0.72463,0.96435
-0.85523,-1.1585
0.52371,-0.54372
0.25571,1.1644
0.703,-0.81171
0.3322,-1.1327
-0.2719,-1.2601
1.2884,1.4913
0.34686,0.384
0.32635,-1.3924
-1.232,1.0986
-0.86699,-0.32814
0.96342,-0.90411
0.21446,-0.41901
1.2165,1.5228
-1.3856,-1.5855
0.59272,-0.69387
-0.48736,0.70857
-0.31884,0.70074
-0.11454,-0.98949
0.62026,1.0164
0.69516,0.37382
-0.7002,-1.6549
-0.51262,1.2435
0.61937,-0.43287
-0.96928,-1.0487
-0.90437,-0.25416
-0.39016,-0.81083
0.41214,-0.36568
1.0976,0.62792
0.83305,0.52447
1.8034,1.0929
-0.90483,-0.46082
0.41292,0.93869
0.60346,0.32323
0.69979,1.3405
0.81261,-1.6329
-0.77332,0.9473
-1.0769,1.7488
-1.4862,-1.2405
0.42994,-1.5216
-1.1992,-0.50424
-0.48554,1.2389
-0.37827,-0.70221
-1.777,-0.6162
-0.50083,-0.34388
1.0866,0.81798
-1.2981,-0.89931
-0.85362,-1.5274
-1.6221,0.78021
-1.0729,0.24006
1.0702,0.18689
0.60799,0.54581
0.90761,-0.60831
-1.562,-1.019
1.4792,0.64601
-1.2485,-0.24667
1.574,-0.049935
1.1335,-1.1634
0.56196,-1.0713
-1.0382,-0.35997
-1.4659,-1.1405
-1.587,1.4176
1.0392,1.1342
1.3205,1.6702
-1.6658,-1.5947
-0.58484,-0.52223
0.51036,0.71611
-0.71018,0.95112
0.69798,-1.4538
0.5855,1.0772
-1.0183,-0.55333
-0.86035,-1.249
0.33741,-0.79566
0.53461,1.1919
-1.6283,0.36271
-1.1047,0.49947
0.48855,-0.53093
-0.47393,0.45327
-0.43476,-1.5504
-1.6039,-0.78682
-0.40078,-1.1979
-0.49312,-1.1326
1.3293,-0.42361
-0.17841,-0.87468
0.65961,-0.92296
0.72631,-0.99763
0.27866,-0.48409
0.73902,-0.73003
-0.72328,-1.0033
-0.55463,0.93351
1.2934,-0.35111
1.7299,-1.0067
-0.50429,0.93605
0.66776,1.3481
-0.75201,-1.0075
0.66169,0.28498
-1.7588,-0.74565
0.48447,-0.66747
1.0712,0.54918
0.90744,0.31524
-1.0997,-1.093
-0.73167,0.90394
1.3504,0.75307
0.53509,-0.37849
1.1253,0.35173
1.4346,-0.23864
-1.5749,-0.75031
0.83566,1.2988
-1.172,0.81748
0.80491,1.3298
0.77288,0.35716
-0.80754,1.3036
0.73858,-0.92659
0.64375,-0.73906
-1.3232,-0.43659
0.34874,-1.1681
-0.72197,-1.193
-1.1072,-0.33776
-0.65149,1.46
1.4439,-0.5606
0.72118,-0.64449
-0.35328,-0.78207
-1.2081,1.1413
0.56967,0.84363
-0.23323,-0.902
-0.58887,-0.61893
-0.28253,1.1016
-0.49397,0.8025
-0.40466,-0.53685
-0.48573,-0.35357
1.2912,0.53527
-1.1319,0.61262
-0.90614,0.88444
0.97848,-0.79943
0.48399,0.46524
0.94912,1.4857
2.044,0.080027
-0.52773,0.29605
-0.18088,-1.0206
0.26409,0.61873
0.67018,0.89923
0.52905,0.88045
-1.1089,-0.79673
0.58667,-1.3698
-0.33445,0.67566
-1.4092,-0.53559
-0.25552,-0.70586
1.1672,0.77249
0.87356,0.19964
-0.79824,0.55876
-0.34269,-0.72239
0.69419,1.0408
0.92369,-0.34667
-0.86343,0.35781
-0.81169,-0.20285
1.2304,-0.69525
-0.11333,-1.0762
0.73453,0.55464
-1.5022,-0.8622
-1.2682,-0.78727
-1.1368,-0.25988
0.24676,1.517
-1.5354,-0.46779
2.2339,0.022945
-0.064151,-0.98528
0.34239,-0.54365
0.4352,1.1367
1.7657,-0.016749
-0.84642,1.6672
0.48733,-0.91847
1.2705,0.9492
1.2942,1.7015
0.49086,-0.40774
1.191,-1.3801
0.45844,-0.72271
0.93273,-0.35189
0.35638,0.55537
-1.2696,-0.40672
-1.3973,-1.251
-0.79458,1.226
-1.1797,-1.0258
-0.75026,-0.40781
1.4391,-0.87015
1.4877,-0.33286
-0.54075,1.6822
-0.80178,1.284
-1.3276,-0.99917
0.67448,0.80319
0.905,0.95601
-1.5049,1.085
0.61833,0.86577
-0.59469,1.5896
-0.8526,-0.28858
-1.4839,-0.64682
1.2652,0.47323
-0.95586,0.50604
0.60624,-0.83196
0.41819,0.44743
0.87794,-0.20783
0.37089,0.51765
-0.64814,0.36616
-1.1925,-0.77029
0.71317,1.0504
-0.63569,-1.3501
-1.033,1.0312
0.93709,0.80313
0.44901,-1.1811
0.2368,1.5572
-1.5742,-0.70216
-0.77899,1.5847
1.3448,0.72315
-1.5913,-0.47057
0.53713,0.36042
-0.66369,1.5414
-0.58962,0.39595
-0.20051,0.77232
1.72,-0.97211
1.0317,1.2658
-0.74259,1.5846
-1.0378,-1.8148
1.1656,0.30795
-0.67805,1.265
0.34814,0.41349
-0.37451,-0.89425
0.28035,-0.43826
1.3925,-0.36738
-0.79543,-0.2184
1.082,-0.567
-1.6692,-0.97526
-1.1934,-0.33034
-0.92345,-0.25557
0.33679,-0.38917
1.1948,0.84476
-0.75475,-0.75055
-1.7511,1.1342
-0.92731,0.18474
-0.77691,0.26627
0.21125,0.5457
-0.90865,1.0597
-0.27518,-0.72157
2.3459,-0.018623
-1.0094,-1.4706
1.151,1.2215
0.48587,1.2084
0.97214,-0.30339
1.2095,-1.1364
-0.33345,-0.86597
1.0437,-0.31806
0.32403,0.55794
-0.8746,-0.35746
1.9401,0.13859
0.91665,1.289
1.296,-1.2724
-1.2775,-0.43234
-1.1084,-1.2046
-0.97161,-0.84566
-0.65493,0.17864
1.5657,0.87059
-0.31704,1.1237
0.6229,-1.0444
-1.5228,0.7785
0.39001,-0.53959
1.1422,0.32017
-0.41173,-0.44576
-0.50716,-1.1053
0.39396,1.0369
1.7693,-0.10997
-0.5786,-1.4432
0.85761,-0.51407
-0.52025,-1.2739
0.60534,-0.42381
0.64517,-1.7055
0.34756,-0.92228
0.62106,1.0408
1.2436,-0.38164
-0.5541,-0.71041
0.47849,-1.0827
-0.6718,-1.538
-0.20104,-1.1337
-0.72372,-0.38629
-0.6596,0.27294
-0.85355,0.59023
0.19193,0.95064
1.2716,0.23057
1.4867,0.69537
2.1164,0.26721
0.482,0.4381
0.56034,0.83567
1.0707,-0.99022
-1.2997,1.3419
0.97079,-0.8498
-1.1609,0.3305
1.1922,1.1014
0.21152,0.97144
1.2502,0.79766
-1.2895,1.1051
2.0057,0.27238
-0.068548,0.94056
0.99817,-0.65606
0.57546,-0.82948
0.9953,1.2917
-1.0654,-1.0194
0.20219,-1.0525
1.2416,0.63567
-1.1263,0.90383
0.9315,1.6484
-0.29145,0.81625
-1.0233,0.28861
-0.765,0.95128
-0.55997,0.23227
-0.59859,0.63413
-0.90964,-0.28528
0.63635,0.36623
-1.4303,1.3436
-0.68693,-0.14236
0.53876,1.3282
-0.13104,0.97013
0.99857,0.26285
-1.3183,0.80647
1.1233,1.5198
-0.40615,-0.96617
-0.21988,-0.76108
0.33448,-0.94411
-0.77987,0.67845
-0.50381,0.58742
0.34405,0.51955
1.1772,0.87522
-1.2453,-1.768
0.95916,-0.78267
1.8435,0.89775
0.695,-1.0705
-0.80792,0.9246
1.3292,1.1161
0.55772,-1.0224
-0.18542,1.2346
1.416,0.40443
-0.46849,0.86609
0.23564,0.48198
-0.60975,1.6248
-0.26876,0.71945
-0.35635,0.63336
-0.41595,0.69558
-0.52295,-0.42021
-0.95682,-1.4953
0.43615,1.1197
-1.1402,-0.97121
1.7921,0.10843
-1.0754,-1.1145
-0.73902,-0.21036
2.043,0.050995
-1.2417,-0.72082
-0.98142,1.3615
-0.3355,1.2278
-1.0793,-0.23875
-0.77293,-0.22343
-0.62908,-0.32695
-1.5754,0.54154
-1.2718,0.34682
-0.61525,-0.83818
0.92328,1.6867
0.54729,-1.2644
-0.20959,1.1098
0.51166,-0.61548
0.23624,0.90895
-0.37813,-0.74248
-0.80007,0.52262
0.50047,-0.48137
1.4254,0.30619
-0.67053,-0.49043
0.55426,-1.3667
0.39572,-1.0871
0.52062,-0.3566
0.45031,-0.37802
0.63488,0.31673
-1.3866,-1.2285
1.1773,0.45815
-0.31812,-1.0459
-1.3209,1.6472
0.83594,-0.826
0.41627,0.80718
0.36855,0.47316
0.53583,-1.0805
0.71285,-0.87175
0.61536,-1.0944
1.0999,0.42018
0.79248,-0.67504
0.78473,-0.75256
0.51124,1.2797
0.30835,-0.67276
1.455,1.0545
0.94236,-0.46378
-1.5842,-0.86463
0.42562,-0.63778
0.31088,-0.67471
1.3173,-0.19844
-0.32789,1.0261
-0.93696,-0.91492
0.98049,0.6581
0.56754,-0.38927
-1.3049,0.4145
-1.5582,-0.44645
-0.9387,0.55633
-1.146,-1.1883
-1.2578,1.0708
-0.78889,-1.0757
0.9913,0.49676
-1.0979,1.6486
-0.9648,0.25332
-0.50151,-1.2993
0.90962,0.97671
0.83914,-1.6023
0.44183,-1.0854
0.89311,0.94577
1.0143,1.8177
-1.4268,0.38698
1.5781,0.031842
1.1092,0.26586
1.2118,-1.0323
0.19375,-0.9488
0.26325,-0.89491
-1.5618,-1.138
0.68545,-0.95149
-0.66765,1.269
0.31147,-1.5311
-0.50196,0.33484
1.2732,0.44361
-1.2498,-0.61838
0.83119,-0.85002
0.84308,-0.76824
1.9464,1.0479
-1.1143,0.74086
-0.48723,-1.2804
0.33787,0.87916
0.33189,-1.0639
-1.0119,0.77645
-0.54008,1.5082
1.0147,-0.95927
0.37049,0.72606
0.19439,-0.58855
-0.8501,0.15671
-0.90465,1.0178
-0.51294,-0.9029
-0.51297,-0.55601
1.2284,-0.35976
-0.97868,0.72349
0.39962,0.76718
-0.59946,-1.3662
-0.53418,-1.5907
-1.0787,-1.1539
1.4683,-1.1912
-0.40841,-1.2537
0.88438,0.67115
-1.2084,0.60935
1.5005,0.87597
0.58453,-1.0158
-1.3922,-1.6931
-0.29527,-0.84449
1.2027,-0.1689
-0.62647,-0.95545
0.8016,0.49347
1.4732,-0.41145
-1.2731,0.40675
1.0017,-0.29812
-0.83469,1.6493
0.46649,0.93053
1.11,1.3409
0.70798,0.36913
0.69999,0.3136
0.82207,-0.54588
-0.96681,0.60271
1.1538,0.57568
0.92287,0.58898
1.3635,0.52945
-0.38091,0.4791
0.23098,-1.4222
-0.39391,-0.62851
-0.93411,0.24481
0.33089,-0.42252
1.4065,-1.0813
0.60636,-0.47759
-0.37942,-0.74907
-1.4851,1.1905
-0.29578,0.64384
1.1141,1.0383
-0.89086,0.30692
1.2713,-1.8636
1.743,0.72672
0.64987,0.90243
1.164,-1.1468
-0.045875,-1.001
0.22688,0.69851
0.96544,1.3141
-0.085291,1.018
-1.424,-0.91996
-1.2233,-0.73666
0.45613,1.4032
1.1844,-1.6981
1.7208,-0.89146
-0.99039,-0.29583
-1.3097,0.94677
-0.451,0.93016
1.3243,-0.16035
0.46879,0.51929
0.53642,0.8274
1.2196,0.10785
-0.68918,1.287
-0.43814,-0.90359
0.89328,0.98926
-0.49375,1.1085
0.32366,0.49631
-1.0928,-0.52861
-1.6138,-0.78802
-1.1736,-1.0244
-1.2964,-1.2227
-0.93374,-1.3124
0.3448,0.79693
0.93182,-1.1805
1.1751,-0.23444
1.3002,1.0852
1.1523,0.28881
1.6424,-0.78934
-0.92502,0.34886
0.44174,0.79434
0.56734,-1.0199
0.3989,0.52137
0.55997,0.86321
0.59881,-0.45306
-0.81081,-1.5015
-0.98895,-0.71425
1.5805,0.95174
0.67133,1.3588
0.87481,-0.40605
-1.1333,0.63021
-1.021,-1.7237
-0.84683,-1.1019
1.6699,-0.71009
-0.97068,0.68924
1.1433,-1.2613
-0.73186,-0.65653
0.30189,-0.6352
1.0583,-0.92733
-1.0123,-0.60426
-0.43346,0.54545
1.1857,-0.35367
-0.7393,-0.53639
-0.43339,-0.63053
0.60939,0.29882
-0.17095,-0.9192
0.8623,0.73725
-0.29492,-1.1484
1.7275,1.3182
1.3373,1.2045
-0.53597,-0.49938
0.77788,0.31838
-1.7138,1.242
1.1068,0.7516
1.4978,-1.5407
0.25479,-1.0609
0.70831,-0.50158
0.44632,-0.86893
-0.56863,-0.97179
-1.4616,0.49542
-0.63118,-0.23762
1.4684,1.0587
-1.1375,0.5111
0.72703,0.46659
-0.61865,-0.4323
-0.3499,-0.58631
-0.42069,0.79795
-0.30869,0.63914
0.6669,0.67526
0.60679,-0.42142
1.0232,-0.17416
1.6001,-0.65135
0.69325,-1.2358
0.95218,0.18574
-1.2816,0.52753
-0.64312,-0.95767
-0.36118,-1.2092
-0.91704,0.97923
-1.1756,0.73361
-0.61019,-1.5438
-0.95089,-1.0777
-0.82299,1.5353
1.6771,-0.8127
0.91879,-1.7009
-0.46109,-0.4419
-1.0772,1.0484
0.51634,1.083
0.33167,1.0307
0.7246,1.2312
0.58438,0.91478
-0.2955,0.8417
-0.71836,-0.35098
0.85485,0.72261
-1.0666,0.25487
0.5142,0.51534
0.3881,0.48476
-0.49418,0.76666
-0.37809,-0.97406
-0.93416,1.2706
-0.63373,-0.7666
0.81575,-1.2258
-0.80453,0.96435
-0.83443,-0.37335
0.87953,-1.4719
0.53181,0.35187
0.37962,-0.44409
1.1838,0.927
0.65327,-0.8267
0.41408,0.75003
-1.3191,-0.27643
-0.30265,0.75804
-1.5567,0.39958
1.0277,0.55068
-0.94944,-0.53379
0.35536,1.3178
1.1425,1.1455
0.35994,-1.154
-0.51994,0.6274
0.95633,0.53751
-1.3645,0.82191
-0.57606,1.7622
0.48509,-1.5419
-1.2971,1.0916
0.26397,0.66612
-1.1768,-0.6858
-0.984,-0.33616
1.1584,1.4543
-1.0465,0.38259
0.93457,-0.52333
0.61848,-1.2429
0.48478,-0.49789
0.53973,-0.74463
-1.118,0.31473
0.73764,0.42091
-0.96723,0.59622
1.005,-0.53875
-0.7568,0.17248
1.5954,0.91087
1.1788,1.1491
1.2575,-0.51108
1.956,0.28635
-1.1185,-1.3142
0.50933,-0.92819
1.4087,0.90902
0.81248,-0.52491
-0.78622,0.69134
0.89981,-0.45526
-0.90805,-0.95154
-1.2395,0.6178
-0.85475,1.1694
0.93781,-0.20549
-1.4789,0.44218
-0.78318,0.23669
0.72249,0.5899
-0.47891,0.80647
-1.1734,1.3012
-1.4057,-0.61614
0.36933,-1.1895
-0.36127,0.7911
-0.61304,-0.82613
1.1671,-0.51816
0.29279,-0.40071
-0.478,-0.96671
1.6419,-0.092539
-1.1807,1.1492
0.59529,-1.0265
-1.6215,0.41811
0.47396,1.1823
0.27261,-0.86132
-0.87982,-1.4213
-0.80283,-1.5795
1.257,0.86761
-0.66646,0.95567
-0.58767,-0.56023
-0.39439,-1.3073
0.42887,0.71224
0.40878,-0.90218
0.84414,0.58713
-1.131,0.50677
0.94248,0.88286
-0.8542,-0.24967
-1.0702,-0.68458
1.4511,1.1352
-1.076,0.53486
0.79706,-0.48123
-1.6983,-0.86332
-0.4347,-0.69017
-0.84872,-0.37271
0.78498,0.50185
-0.57354,-0.30411
-0.62652,-0.6301
-0.45965,-1.0622
-0.55287,0.57448
1.1561,-0.75908
1.653,0.96609
-0.81728,1.2567
0.55603,-0.96475
1.0733,-1.7983
-1.3335,-0.7824
-1.1957,0.26753
0.51622,0.86934
-1.1382,1.6509
0.59346,-0.40185
0.7177,0.80095
0.92205,0.62526
0.75227,-1.2143
0.81833,1.0454
1.7506,-0.068536
-0.3147,-1.4222
0.54633,-0.81939
1.6075,0.84355
0.38764,-0.38935
1.261,-1.2204
2.0909,0.1581
-1.2647,-0.73255
0.86111,-1.3228
1.3473,0.36463
-1.0051,-0.59566
-0.73163,-0.39362
-0.50469,0.64043
0.39206,-0.82129
-0.32991,1.0622
-0.35754,0.59642
1.0015,-0.73259
-0.86075,1.5483
2.025,0.28263
-0.25187,-1.0663
0.8313,1.3154
0.90105,-0.786
-0.48519,1.1834
-1.7501,-1.2006
0.82777,0.46069
1.948,0.94444
0.25284,1.0062
1.1287,1.0767
-0.95457,0.61689
-0.50893,-0.66294
-0.46876,1.265
-0.60686,1.1838
-0.57945,0.56062
-1.0844,-1.1163
-1.4229,-0.69783
1.3253,-1.0947
-0.6203,0.29451
-1.5639,1.4528
1.4292,1.0877
0.33356,1.0239
1.1037,1.3315
-0.96726,0.7513
-0.56375,-1.6143
-0.64997,0.98353
-0.33489,0.74011
0.60972,-0.78077
0.28202,0.77473
0.81462,0.42333
0.74864,-0.76178
-0.75856,1.448
0.70944,-1.0303
1.5352,-1.2947
-0.54475,-0.36894
0.99266,-0.16987
1.5227,0.74691
-0.29679,0.97253
-1.4986,1.3827
-0.55645,0.2936
0.25085,-0.77859
1.2907,0.93552
1.4485,-0.77809
0.39011,-0.45246
1.0142,0.47302
-0.12128,1.1588
0.97889,0.26313
1.6925,-1.3416
-0.54524,1.1115
-0.44424,1.4648
-0.61295,-0.35571
1.1493,-0.46404
1.4316,-0.51238
1.1199,-0.5006
0.59532,1.2573
0.29741,-0.41358
1.4959,-1.6093
-0.56323,1.142
-0.75675,0.84425
-0.88305,-0.22904
-0.63518,-0.72662
-0.46865,0.74484
-1.4276,-0.305
-1.1099,-0.26132
1.1127,-1.1961
-0.15827,-1.0899
-0.55405,0.70105
1.0955,0.14609
0.3639,0.55765
-0.90855,0.13934
0.48744,0.54506
0.44436,-0.95931
0.6116,-0.49413
-0.35138,-0.93298
-1.3902,0.74564
0.91732,-0.17763
-0.75292,-0.79676
-0.48926,-0.59963
-0.60793,0.8603
-0.41258,0.67274
-1.2819,-1.5324
1.6724,0.72111
1.5002,0.66244
1.4341,-1.1667
-1.2453,0.24183
-1.37,0.43618
-1.1038,-0.32486
-1.4542,-1.641
1.3147,-0.33718
-0.86605,0.23839
1.1385,0.97948
-1.6152,-0.57079
-1.0526,0.41447
0.72857,-1.1029
-0.57881,0.8536
-1.2249,-0.66716
1.5342,0.77594
0.77056,1.0224
0.56662,-1.0154
-1.023,-0.32132
1.3747,-0.36624
0.31802,-0.90066
-0.88488,-0.60837
-0.66162,-1.4924
0.69724,0.90132
1.75,-0.83759
-0.84601,1.1506
1.4234,-0.4457
-0.67948,-0.5103
1.4813,-0.9843
1.5387,-0.88448
1.3257,-1.1674
-1.0611,-0.41612
-0.3934,0.70814
0.9057,-0.3306
-0.9938,1.063
1.7617,1.0794
-0.90792,1.7372
-1.6815,0.58793
1.0506,-0.24505
-1.6116,-0.6448
-0.55664,0.64649
0.96368,-0.64883
-0.81445,-0.28018
-1.3401,-1.1799
-0.23804,-0.76596
-0.85913,-0.38516
1.279,1.2482
-0.76327,-1.0247
-0.67414,1.1141
0.95191,0.84399
-0.37537,0.99027
1.0742,-0.68019
-0.59412,-0.59169
1.1631,-1.2304
0.68736,0.59543
1.0164,1.0549
-0.38318,1.0821
1.3555,0.90804
-0.89699,0.25931
-1.1731,-0.32515
1.1081,0.61372
-0.38935,0.74187
-0.59407,-0.93466
0.71307,0.995
-1.5435,0.38185
0.8599,-0.60034
-0.94716,-1.5671
0.88408,-0.46536
-1.1427,0.84479
-0.84391,-1.3303
1.0151,0.77361
0.43758,0.4384
1.6791,-0.87125
-0.48064,-1.157
1.2049,1.8108
1.1162,-1.343
0.74775,-0.4657
0.20278,-0.57025
0.85831,-0.97989
0.39325,1.6518
-1.0299,1.3628
-1.3179,-1.2902
0.81718,-0.40436
0.97166,-0.93983
0.61628,-1.5029
1.9174,0.97518
-0.52962,1.2906
-0.59191,0.28524
1.2032,0.52653
1.4132,-0.62304
0.91694,-1.5115
0.51556,0.41631
-0.40032,0.60957
-0.93776,0.42964
0.61245,-1.6304
-0.47347,-1.6477
1.2136,-0.99112
0.89443,0.25046
-0.15393,1.118
-1.5228,-0.55565
-0.40577,-0.89132
0.62955,-1.4576
0.2597,0.72504
-0.47562,0.47087
1.7371,0.11222
-0.603,1.6616
1.899,0.22312
0.60868,-1.002
1.5306,0.71117
-0.43152,0.74853
-1.187,0.9352
-0.5189,0.74307
-0.18619,0.89703
1.2803,0.77228
-0.64584,0.77733
0.74508,1.3917
0.26051,-0.43408
-0.71294,1.3262
-1.0015,0.23731
1.6449,-1.1373
-0.93557,-1.1843
0.7429,-0.41214
-0.32748,0.92006
-0.96677,0.21682
0.9014,-0.34211
0.36577,-0.55548
-1.0917,0.39692
-0.60271,0.4119
0.32532,1.0885
-0.13141,-0.90426
-0.64694,-0.94156
-0.65256,-0.59885
1.4257,0.28286
1.2198,0.2254
1.3368,0.44066
0.514,-0.90272
-0.24814,-1.1032
0.61423,-0.74851
-1.2459,1.324
-0.51871,-0.58339
-1.6361,1.0926
0.53513,0.46188
-1.0143,-0.376
0.20958,0.54503
-0.95672,0.23048
-1.8006,-1.4522
0.28713,-1.3165
1.1048,0.63968
0.35121,-0.37301
1.0143,0.55714
-0.89575,-0.93664
-0.46065,-0.62083
0.61913,-0.67972
1.6689,-0.11991
-0.41641,0.69187
1.3831,-1.6296
0.40029,-0.4176
-0.85877,0.96381
1.1028,1.4365
-0.45166,-0.49814
0.34274,-0.59508
0.39979,-0.73461
-0.30649,-0.79603
1.2966,-0.41466
1.2379,-0.7588
-0.87462,-1.8679
0.4043,0.36751
1.3493,0.33529
0.72292,0.32167
-1.0928,0.56079
-0.76328,-0.74689
1.4449,1.0106
1.2117,-0.65195
1.0535,0.9499
0.87716,-0.24038
0.49449,-1.5276
0.73211,-0.82618
0.30366,-1.4322
-0.68345,-1.0134
0.28049,-1.4759
0.70016,-0.35165
0.89057,-0.37544
0.32726,1.3586
0.42414,-0.40802
0.36025,0.56972
-0.37637,-0.99143
0.95454,-0.75321
0.45161,0.82639
0.56567,-0.75946
0.53534,-0.58533
0.95314,-1.7866
-0.38704,1.0523
0.82919,1.2805
0.7596,1.682
-1.0609,1.3595
-0.27208,-1.0933
-0.70364,0.58238
0.61922,1.6592
1.011,-0.76313
0.54281,-1.2178
-0.74446,-0.36138
0.39042,-0.99988
1.9741,0.14002
0.28817,-1.2173
1.0285,-0.84817
0.91882,-0.31016
0.32127,-0.80038
1.0209,-0.4933
-1.3283,-0.27924
-0.52781,-0.86209
-0.58284,0.63614
0.765,-1.1358
-0.15731,1.151
-1.125,0.42803
1.628,-0.71078
-0.70784,1.4744
-1.0126,1.1619
-0.09513,1.0037
0.43963,-0.89835
0.52464,1.6646
1.2323,0.33845
-0.98504,-0.70606
-0.88369,-0.46419
1.009,1.0691
1.3855,0.61121
1.2094,-0.66204
1.0324,0.88298
-0.44723,-0.85875
0.4447,-1.0856
0.32868,0.67891
0.41367,-0.42538
-0.47685,0.69766
0.65539,-1.1907
2.0385,-0.069498
-0.70972,0.15098
-0.56954,0.96219
-0.24437,0.71117
-0.90685,-0.53901
-0.53443,-0.62123
2.1259,0.01886
-0.54856,0.75857
-1.4554,-1.1315
-0.96219,-0.3831
0.42041,1.419
-1.1471,0.5535
-1.3944,1.258
-0.40346,-1.3493
-0.64702,1.0969
1.16,0.89694
-1.2177,-0.71376
0.3614,-1.3505
-1.0767,-1.0372
-0.6418,-1.177
-0.34646,-0.94556
-0.6286,-1.3578
1.3028,0.70245
-0.84514,-0.4232
-0.51113,1.1783
0.4392,-1.0371
0.58982,-0.69195
-0.72788,-1.0833
-1.2676,1.345
-0.78594,0.0935
1.9588,-0.01901
-0.71946,0.98611
1.6124,1.213
0.80725,1.156
-0.87239,0.11722
0.67601,-1.3068
-0.72189,0.81581
0.22623,0.56322
1.1282,-1.0845
0.55016,-1.3394
0.69938,-1.158
0.52682,-0.74418
0.43501,-0.70829
0.82337,-0.32136
-1.1098,0.39243
-0.54969,1.0551
-1.4897,-0.67051
0.36972,0.66414
0.58741,0.83417
0.25759,1.1408
1.2017,-0.15253
-1.7432,-1.4271
0.40946,-0.8917
1.3522,0.62826
0.9387,0.25819
-0.70277,1.6585
1.2009,0.1973
-0.27082,-0.94908
1.4237,1.3761
1.0732,-0.859
1.1846,1.1324
0.57579,0.30736
-1.2655,0.76641
0.63967,0.69182
2.093,0.20229
-1.5883,-1.5608
-1.2545,-1.2741
-0.54884,0.94771
-0.60609,-0.73622
-1.6201,0.42924
0.43344,1.1493
-0.49884,1.3666
-0.43426,1.4466
0.89246,-0.53372
0.88637,-1.6625
1.3015,1.6711
1.3712,-1.4222
0.92846,-0.54257
-1.1064,-1.2573
1.3157,-1.4485
1.6044,-0.8491
-1.3909,-1.4927
-0.74585,-0.59112
0.26862,0.43023
-0.89134,0.4159
-1.7199,-0.85598
1.5157,0.93442
-1.0388,1.5259
2.3154,0.068374
-1.4335,0.3876
0.55599,0.54781
0.62089,1.0039
-0.77369,0.55914
0.60459,-0.44357
-0.30538,-0.72639
-0.7842,0.23235
-1.5047,0.78271
-0.66711,0.40604
0.32348,1.2511
-0.44393,0.4597
1.0667,1.1405
-1.2727,-0.84281
0.29339,-0.45345
0.49171,-1.3748
-1.0101,-0.34146
0.30525,1.2926
1.2545,0.25686
-0.60387,-1.4327
0.79095,0.37812
-0.56166,-0.2452
-0.68025,-0.28382
-0.56681,1.3874
0.23373,0.57747
-0.29447,-1.3163
0.46937,-0.48647
-0.7523,0.65314
1.6766,1.3341
0.81867,-0.72007
-0.55926,-0.36178
-0.30491,-0.98352
0.38325,1.5311
1.2731,0.69673
-0.57406,1.4318
1.1603,0.90335
0.87738,-0.38369
-1.4693,0.66661
0.88053,1.0101
-1.0483,-0.58416
0.80506,0.73384
0.85438,-0.87247
0.83247,0.39473
-0.90748,1.5408
1.116,-1.6835
-0.69584,-0.88701
-0.86117,-1.7679
-1.4218,0.48337
0.21967,1.1141
-0.32202,-1.3633
-0.63366,-0.17367
-0.84555,-1.0962
-0.54955,-1.047
1.3663,-0.97501
0.56718,-0.88174
-1.5021,1.2437
1.4554,0.54475
-0.91913,-1.2153
-0.48446,-0.43074
0.28985,0.93434
0.96055,1.0137
-1.0042,0.67403
0.43998,0.61905
0.3564,0.76586
0.22639,-0.41255
0.80403,-0.76577
0.86266,-1.2847
0.23065,-0.40088
-0.55983,0.9587
0.4173,-0.68928
2.061,-0.060546
1.2851,0.28567
-1.2034,-0.49732
0.43039,0.53341
1.0629,-1.2886
0.80891,0.24663
1.2038,0.67834
1.2887,-0.59465
0.76308,0.52625
-1.2457,0.78382
0.65748,-0.28112
1.1161,0.42533
0.54311,-0.55919
-1.3181,-1.368
-1.1754,-0.60676
-1.1797,1.0079
-1.2185,0.7296
-0.41464,0.86857
0.30782,0.74951
0.65765,0.43701
-0.45365,-0.88176
-0.77932,-0.50959
-0.7923,-0.76177
-1.6331,0.87813
-0.65162,0.53695
0.93974,0.22489
1.0666,-0.64102
0.63597,1.5023
-0.40601,-1.3708
1.932,0.02773
0.83183,-0.42999
-1.0535,0.65836
0.78505,0.91948
-0.23811,0.99151
0.71958,-0.41469
-0.62675,-0.82141
-1.558,1.3734
0.86681,-0.1952
-0.38359,1.005
-0.85918,-0.96258
1.4048,-0.85343
-1.7141,-1.528
-0.49363,0.69787
-0.76846,1.1656
0.73867,-0.63878
0.26844,-0.97927
-0.97445,-1.1232
0.64335,0.38177
0.43829,0.58705
-0.65607,-1.1575
-0.90063,0.97658
-0.75865,-0.11085
-0.99489,0.21888
-1.4421,-0.76149
1.2072,0.15687
-1.2009,0.41075
-0.62849,0.49104
-0.35585,-0.90824
0.46412,-0.58017
-1.3652,-1.1671
1.0307,-0.73958
0.99664,-0.55168
0.23452,0.69114
1.1084,0.97799
0.58314,-0.85082
0.70508,0.728
1.155,-0.30054
1.0593,0.49325
-0.52149,0.95491
0.27897,-1.0025
-0.74301,0.59571
1.4017,0.42375
0.64629,1.0467
1.2548,0.30182
0.84825,-0.75383
-0.68273,-0.52474
-1.7214,1.3637
0.57169,1.4246
1.0604,-1.2477
-1.4377,1.5966
0.66058,0.81571
0.5899,0.8357
1.5787,1.5457
0.90443,0.68254
-0.43303,-0.63595
-0.58583,1.6999
-0.3984,0.9148
0.26254,-0.96299
1.2926,1.5878
0.37968,-0.45243
1.4779,-0.7772
-0.82168,0.16156
0.34156,0.54898
0.6066,-1.3422
0.70262,0.68379
0.29868,-0.84515
-1.4943,-0.39343
-1.3263,1.3381
0.45669,1.2979
-0.37182,0.55776
0.6032,1.0291
0.2472,0.52854
-1.6358,1.2277
-0.49483,-0.68146
0.64065,-0.30163
1.074,-0.45305
-1.2097,-0.41232
-0.69357,0.15935
0.42891,-1.128
0.29441,-0.51216
0.90633,-0.73118
-0.73651,-1.3832
-0.98208,-1.3477
0.73671,-0.78201
0.34577,-0.57831
0.60858,0.56822
-1.0636,-0.21401
0.74477,1.4333
-0.6664,0.16392
-0.62737,-1.572
-0.3803,1.0969
0.35898,-0.83589
0.23562,0.79266
-0.16104,-1.1452
0.35631,0.6375
-0.29653,-0.86746
0.80772,0.66529
-0.90253,0.48788
0.63785,-0.65349
-1.3954,0.31223
1.1464,-0.72628
0.78549,-0.24771
-0.41673,0.43643
-0.71218,0.079517
0.50733,1.4643
1.3551,-0.14332
1.9214,1.0935
1.8152,0.14266
0.76405,-1.6866
-0.92681,-1.5704
-0.21594,1.0287
1.3449,0.57281
-1.4101,-1.619
-0.73667,0.85235
-0.6384,0.22593
-1.0808,0.36465
0.31456,-1.0531
1.1756,0.49941
1.5056,-0.41634
0.88193,-0.68078
0.4013,-0.37378
0.21275,0.87332
-1.1994,-0.52082
1.004,-0.49355
1.2335,0.42629
1.2306,1.3111
2.3909,0.027139
1.3068,-0.083787
1.5698,-0.80386
-1.3081,-0.73902
-0.092378,-0.90895
0.56712,-1.4289
-0.43758,-0.58786
0.89579,0.56286
0.7327,-1.0325
0.65832,-0.30992
0.74615,-0.64975
-1.0402,-0.53674
0.30599,-0.90926
-0.15254,-0.97206
-1.1246,1.1297
-1.0496,1.029
0.50627,-0.39507
-0.52378,1.2931
-0.2276,-0.78263
0.52939,-0.46321
1.2399,0.72632
-0.73174,0.9485
1.0092,-1.2568
0.67098,0.29605
1.8581,-0.18146
-0.70974,0.60482
-0.2293,1.0804
1.6861,-0.22765
-0.70315,-0.65552
-0.83936,-1.0287
1.1419,0.30403
0.65186,0.93734
-0.87309,-1.0504
1.0759,0.90319
-0.81633,-0.10656
0.34284,-1.4667
-0.99855,-0.29466
-0.41727,0.83024
0.84331,0.43118
-1.2892,-0.77869
1.387,0.80439
0.46965,1.3233
-0.28619,1.3724
-1.0475,-1.3608
0.64034,0.82091
-0.54396,-0.91793
-0.98551,-0.75113
0.22271,-0.62037
-0.74618,-0.43417
-1.68,0.89311
1.2834,-0.082462
1.1244,0.56526
-0.28406,0.97967
0.54289,-1.3282
0.72967,0.51025
1.2575,-0.94981
-0.93124,0.46175
2.0212,-0.033396
0.38759,0.99086
-0.94531,-1.6075
1.3473,1.432
-0.6766,1.2859
-1.3159,0.3861
-0.56302,-1.0322
0.32256,1.0369
-0.63268,-0.92684
0.94606,-1.4504
-0.56679,-0.98635
1.0727,0.89191
1.6955,0.63924
-0.55335,-0.27557
0.35919,1.1774
-1.0073,0.64613
0.42863,-1.4163
1.2529,-1.2515
0.42095,1.443
1.0472,-0.9873
-0.96029,1.0222
0.93068,-0.67955
-0.88505,0.47282
-1.4578,-0.63781
-0.049172,-0.99989
-1.6856,-0.83414
-0.53694,-0.43852
1.0626,-0.30229
1.2976,1.5161
-0.22521,0.71291
0.7787,-1.2867
-1.1226,1.2571
-0.49678,-0.55419
1.5196,0.77966
1.2393,-0.5151
0.46438,-1.1484
-1.1515,-0.9256
-0.75751,-0.85592
-0.55774,-1.6055
-1.6331,0.4255
-0.73946,0.80485
1.549,0.90474
0.66956,-0.40945
1.0318,1.7164
-0.35989,-1.0129
1.1022,-0.19631
0.38767,-0.78278
-1.7024,1.0771
0.95959,-0.59704
1.8762,-0.0037027
1.2631,0.90498
-0.7493,1.2637
-0.61477,0.44116
1.1272,0.50879
-0.15788,0.84507
0.63919,0.73914
0.35011,1.1738
-0.44849,-0.62868
0.33887,-0.41816
1.5226,-1.3244
0.34379,1.0511
-0.84905,-0.15204
1.7506,-0.077994
-0.56902,-1.0056
-0.9776,-0.57729
-1.1821,-1.2308
0.3899,-0.47789
0.60588,0.54068
0.93367,0.62557
-1.0068,-0.47065
0.59127,0.49151
-0.64757,0.99277
-0.79045,1.2272
-0.70372,-0.18462
0.29156,1.6175
-0.92436,-0.38543
0.64219,-0.50713
-0.52588,1.6304
-1.1229,1.7036
0.48634,-1.0543
1.1619,-0.663
-0.46834,1.0938
-1.4682,1.168
-0.54503,1.2255
0.78052,0.2621
1.1572,0.47941
-1.2424,0.43018
0.52977,0.98547
0.48833,-0.44309
0.71707,0.79218
0.93326,-0.23229
-1.4223,0.63681
-0.52059,1.2232
-0.49644,1.3975
1.7898,-1.001
0.56565,0.98922
0.34011,-0.92433
-1.3363,1.2256
0.37119,-1.579
-1.1246,1.0234
-0.62056,0.97023
0.9786,-0.78576
1.1331,0.79533
0.81457,0.94294
-0.43946,0.93819
-1.3071,-1.0065
-0.44143,0.94126
0.80039,-0.61308
-0.59538,1.3035
0.51921,-0.47738
-0.5245,-1.1011
-0.36083,1.3374
0.54643,-0.80059
-0.47481,0.80542
0.94051,-0.17956
1.389,0.31582
-0.58733,-0.4218
-0.77599,0.35056
-1.2151,-0.73032
0.96844,0.30326
1.4632,1.0594
-0.95616,0.63445
0.82539,-1.266
0.5641,0.79263
-0.572,1.3339
0.65845,0.9453
0.8672,-1.6873
0.49849,0.83472
-0.96568,-1.3079
-0.62408,-0.31495
-0.62317,0.28191
0.66664,-1.6515
-0.39248,1.4041
-1.0462,1.4656
1.1129,-0.33256
-0.36948,0.73316
-1.1945,-0.44824
-1.5081,1.6354
-1.0858,-0.74033
1.5505,0.54739
-0.45667,-0.67355
-0.38917,0.70899
0.6001,0.80342
-1.1402,-0.37544
1.1331,-1.4857
0.45866,-1.0252
0.84433,-0.32293
1.7691,-0.19588
0.66833,-1.1253
-0.72633,-0.44689
-1.2006,-0.32835
-0.56487,-0.45351
0.32943,0.76921
-0.739,0.79991
0.96189,0.69854
-1.5231,0.84905
-0.52136,0.5899
-0.61803,0.32535
-1.2893,1.5436
-1.4692,-1.4734
0.26342,-0.98171
-1.5878,-1.1422
0.49771,1.0524
1.3139,1.1108
0.30681,1.2259
0.72196,0.3966
0.96788,-0.94767
-0.43644,-0.71254
1.1457,-0.40777
0.73151,-1.7498
0.84545,-0.57145
-0.26679,1.0324
0.41193,-0.52961
0.69207,-1.5561
1.2778,0.99842
-0.1062,-0.89622
-1.4874,-0.41123
0.9625,1.2168
1.7477,-0.87269
-1.0478,1.3378
-1.4784,-0.82072
1.0683,-1.5883
0.75038,1.0698
-1.1091,0.83772
-1.7674,-0.65762
0.86694,-1.1774
-0.49411,1.4156
0.24319,1.2592
-0.77233,-0.45832
-0.25398,1.2692
0.92768,1.2378
-0.5123,-0.68848
-1.1916,0.78502
-0.34897,1.0041
-1.776,-0.4782
-1.4047,-0.82808
-0.98785,1.0485
-0.59086,0.83898
-1.4013,-0.66479
0.60274,-1.6296
1.7453,1.1348
-0.59161,-0.45438
1.3915,-0.51576
-1.2958,-0.73601
0.56529,-0.42139
0.90996,-1.3134
-0.89422,1.6135
-0.59,0.66425
-1.1262,-0.99663
-0.90684,-0.28149
0.4487,1.0178
0.99881,0.5999
0.5378,-0.59523
0.78059,0.5205
-0.80749,-1.3582
0.77,1.6286
0.29274,-0.41138
-1.0097,-0.5478
1.8802,-0.86692
-1.0275,0.5281
0.69451,-1.3013
0.1995,1.0404
0.19235,-1.5175
0.57136,-0.51082
0.78833,-1.656
1.6262,0.69339
-0.23878,0.96474
0.8776,-0.36101
-0.24771,-0.88027
0.50335,-0.5648
-0.9984,-0.45235
0.84796,0.33143
-1.2387,0.69312
-0.62893,0.23187
1.471,-1.4653
-1.3639,-0.31579
0.92161,1.1396
-0.82268,-0.3002
-0.89247,-0.77843
1.4437,1.1532
0.52984,-1.2197
-1.2422,0.29065
-0.77015,0.36661
-0.90087,0.80563
-0.69259,-1.8882
-0.38257,-0.98189
-0.72238,-1.531
0.81093,-1.3832
0.52768,-0.99167
0.39515,0.89946
1.8811,0.12553
0.66675,-1.0886
-0.66109,0.80428
-0.99283,-0.58084
0.21785,-1.1727
-0.62598,0.87718
-0.50097,1.0509
-1.55,1.0396
0.41026,0.60408
-0.42246,0.73702
-0.66539,0.74982
0.72512,-0.96198
-1.2853,-1.0222
-0.93743,-1.0915
-0.74028,0.95991
0.32225,1.1348
0.44101,0.64267
